Define CharList
 ( 'A', 'B', 'C', 'D', 'E', 'F', 'G', 'H', 'I', 'J', 'K', 'L', 'M', 'N', 'O', 'P',
   'Q', 'R', 'S', 'T', 'U', 'V', 'W', 'X', 'Y', 'Z', 'a', 'b', 'c', 'd', 'e', 'f',
   'g', 'h', 'i', 'j', 'k', 'l', 'm', 'n', 'o', 'p', 'q', 'r', 's', 't', 'u', 'v',
   'w', 'x', 'y', 'z', '0', '1', '2', '3', '4', '5', '6', '7', '8', '9', '~', '`',
   '!', '@', '#', '$', '%', '^', '&', '*', '(', ')', '-', '_', '=', '+', '[', '{',
   ']', '}', ';', ':',"'", '"', ',', '<', '.', '>', '/', '?', '¡', '¢', '£', '¥',
   '§', '©', '®', '¿', 'À', 'Á', 'Â', 'Ã', 'Ä', 'Å', 'Æ', 'Ç', 'È', 'É', 'Ê', 'Ë',
   'Ì', 'Í', 'Î', 'Ï', 'Ð', 'Ñ', 'Ò', 'Ó', 'Ô', 'Õ', 'Ö', 'Ø', 'Ù', 'Ú', 'Û', 'Ü',
   'Ý', 'ß', 'à', 'á', 'â', 'ã', 'ä', 'å', 'æ', 'ç', 'è', 'é', 'ê', 'ë', 'ì', 'í',
   'î', 'ï', 'ð', 'ñ', 'ò', 'ó', 'ô', 'õ', 'ö', 'ø', 'ù', 'ú', 'û', 'ü', 'ý', 'ÿ');

Define WidthList
 (  11,  10,  11,  13,  10,  10,  13,  13,   7,   7,  13,  10,  15,  13,  12,  10,
    12,  11,  10,  11,  13,  11,  15,  12,  11,  10,   7,   9,   7,   9,   7,   6,
     8,   9,   5,   5,   8,   5,  13,   9,   8,   9,   9,   6,   6,   6,   9,   8,
    11,   8,   8,   7,   8,   8,   8,   8,   8,   8,   8,   8,   8,   8,  10,   6,
     5,  14,  10,   8,  13,   8,   0,   8,   6,   6,   6,   8,  10,  10,   6,   6,
     6,   6,   5,   5,   5,   8,   5,  10,   5,  10,   6,   7,   5,   7,  10,  11,
     6,  12,  12,   7,  11,  11,  11,  11,  11,  11,  15,  11,  10,  10,  10,  10,
     7,   7,   7,   7,  13,  13,  12,  12,  12,  12,  12,  12,  13,  13,  13,  13,
    11,   9,   7,   7,   7,   7,   7,   7,  10,   7,   7,   7,   7,   7,   5,   5,
     5,   5,   8,   9,   8,   8,   8,   8,   8,   8,   9,   9,   9,   9,   8,   8);

Define RectList
 ( (   0,  0, 11, 17), (  12,  0, 10, 17), (  23,  0, 10, 17), (  34,  0, 12, 17),
   (  47,  0, 10, 17), (  58,  0, 10, 17), (  69,  0, 12, 17), (  82,  0, 12, 17),
   (  95,  0,  6, 17), ( 102,  0,  7, 17), ( 110,  0, 13, 17), ( 124,  0, 10, 17),
   ( 135,  0, 15, 17), ( 151,  0, 13, 17), ( 165,  0, 11, 17), ( 177,  0,  9, 17),
   ( 187,  0, 12, 17), ( 200,  0, 11, 17), ( 212,  0,  9, 17), ( 222,  0, 11, 17),
   ( 234,  0, 12, 17), ( 247,  0, 11, 17), ( 259,  0, 15, 17), ( 275,  0, 12, 17),
   ( 288,  0, 11, 17), ( 300,  0, 10, 17), ( 311,  0,  7, 17), ( 319,  0,  8, 17),
   ( 328,  0,  7, 17), ( 336,  0,  8, 17), ( 345,  0,  7, 17), ( 353,  0,  6, 17),
   ( 360,  0,  7, 17), ( 368,  0,  8, 17), ( 377,  0,  4, 17), ( 382,  0,  3, 17),
   ( 386,  0,  8, 17), ( 395,  0,  4, 17), ( 400,  0, 12, 17), ( 413,  0,  8, 17),
   ( 422,  0,  8, 17), ( 431,  0,  8, 17), ( 440,  0,  8, 17), ( 449,  0,  6, 17),
   ( 456,  0,  6, 17), ( 463,  0,  5, 17), ( 469,  0,  9, 17), ( 479,  0,  8, 17),
   ( 488,  0, 11, 17), ( 500,  0,  8, 17), ( 509,  0,  8, 17), ( 518,  0,  7, 17),
   ( 526,  0,  8, 17), ( 535,  0,  5, 17), ( 541,  0,  8, 17), ( 550,  0,  7, 17),
   ( 558,  0,  8, 17), ( 567,  0,  7, 17), ( 575,  0,  8, 17), ( 584,  0,  7, 17),
   ( 592,  0,  7, 17), ( 600,  0,  8, 17), ( 609,  0,  8, 17), ( 618,  0,  4, 17),
   ( 623,  0,  4, 17), ( 628,  0, 14, 17), ( 643,  0, 10, 17), ( 654,  0,  7, 17),
   ( 662,  0, 11, 17), ( 674,  0,  7, 17), ( 682,  0,  9, 17), ( 692,  0,  6, 17),
   ( 699,  0,  4, 17), ( 704,  0,  5, 17), ( 710,  0,  4, 17), ( 715,  0,  8, 17),
   ( 724,  0,  8, 17), ( 733,  0,  9, 17), ( 743,  0,  4, 17), ( 748,  0,  6, 17),
   ( 755,  0,  4, 17), ( 760,  0,  5, 17), ( 766,  0,  4, 17), ( 771,  0,  4, 17),
   ( 776,  0,  2, 17), ( 779,  0,  5, 17), ( 785,  0,  4, 17), ( 790,  0,  8, 17),
   ( 799,  0,  4, 17), ( 804,  0,  8, 17), ( 813,  0,  5, 17), ( 819,  0,  6, 17),
   ( 826,  0,  4, 17), ( 831,  0,  7, 17), ( 839,  0, 10, 17), ( 850,  0, 11, 17),
   ( 862,  0,  6, 17), ( 869,  0, 11, 17), ( 881,  0, 11, 17), ( 893,  0,  6, 17),
   ( 900,  0, 11, 17), ( 912,  0, 11, 17), ( 924,  0, 11, 17), ( 936,  0, 11, 17),
   ( 948,  0, 11, 17), ( 960,  0, 11, 17), ( 972,  0, 15, 17), ( 988,  0, 10, 17),
   ( 999,  0, 10, 17), (1010,  0, 10, 17), (1021,  0, 10, 17), (1032,  0, 10, 17),
   (1043,  0,  6, 17), (1050,  0,  6, 17), (1057,  0,  6, 17), (1064,  0,  6, 17),
   (1071,  0, 12, 17), (1084,  0, 13, 17), (1098,  0, 11, 17), (1110,  0, 11, 17),
   (1122,  0, 11, 17), (1134,  0, 11, 17), (1146,  0, 11, 17), (1158,  0, 11, 17),
   (1170,  0, 12, 17), (1183,  0, 12, 17), (1196,  0, 12, 17), (1209,  0, 12, 17),
   (1222,  0, 11, 17), (1234,  0,  8, 17), (1243,  0,  7, 17), (1251,  0,  7, 17),
   (1259,  0,  7, 17), (1267,  0,  7, 17), (1275,  0,  7, 17), (1283,  0,  7, 17),
   (1291,  0, 10, 17), (1302,  0,  7, 17), (1310,  0,  7, 17), (1318,  0,  7, 17),
   (1326,  0,  7, 17), (1334,  0,  7, 17), (1342,  0,  4, 17), (1347,  0,  4, 17),
   (1352,  0,  5, 17), (1358,  0,  5, 17), (1364,  0,  7, 17), (1372,  0,  8, 17),
   (1381,  0,  8, 17), (1390,  0,  8, 17), (1399,  0,  8, 17), (1408,  0,  8, 17),
   (1417,  0,  8, 17), (1426,  0,  8, 17), (1435,  0,  9, 17), (1445,  0,  9, 17),
   (1455,  0,  9, 17), (1465,  0,  9, 17), (1475,  0,  8, 17), (1484,  0,  8, 17));

Define OffsetList
 ( ( 0, 0), ( 0, 0), ( 1, 0), ( 0, 0), ( 0, 0), ( 0, 0), ( 1, 0), ( 0, 0),
   ( 1, 0), ( 0, 0), ( 0, 0), ( 0, 0), ( 0, 0), ( 0, 0), ( 0, 0), ( 0, 0),
   ( 0, 0), ( 0, 0), ( 0, 0), ( 0, 0), ( 0, 0), ( 0, 0), ( 0, 0), ( 0, 0),
   ( 0, 0), ( 0, 0), ( 0, 0), ( 0, 0), ( 0, 0), ( 0, 0), ( 0, 0), ( 0, 0),
   ( 1, 0), ( 0, 0), ( 0, 0), ( 0, 0), ( 0, 0), ( 0, 0), ( 0, 0), ( 0, 0),
   ( 0, 0), ( 0, 0), ( 1, 0), ( 0, 0), ( 0, 0), ( 0, 0), ( 0, 0), ( 0, 0),
   ( 0, 0), ( 0, 0), ( 0, 0), ( 0, 0), ( 0, 0), ( 2, 0), ( 0, 0), ( 0, 0),
   ( 0, 0), ( 0, 0), ( 0, 0), ( 0, 0), ( 0, 0), ( 0, 0), ( 1, 0), ( 0, 0),
   ( 0, 0), ( 0, 0), ( 0, 0), ( 0, 0), ( 1, 0), ( 0, 0), ( 1, 0), ( 1, 0),
   ( 1, 0), ( 0, 0), ( 1, 0), ( 0, 0), ( 1, 0), ( 1, 0), ( 1, 0), ( 0, 0),
   ( 0, 0), ( 0, 0), ( 0, 0), ( 0, 0), ( 1, 0), ( 1, 0), ( 0, 0), ( 1, 0),
   ( 0, 0), ( 1, 0), ( 0, 0), ( 0, 0), ( 0, 0), ( 0, 0), ( 0, 0), ( 0, 0),
   ( 0, 0), ( 0, 0), ( 0, 0), ( 0, 0), ( 0, 0), ( 0, 0), ( 0, 0), ( 0, 0),
   ( 0, 0), ( 0, 0), ( 0, 0), ( 1, 0), ( 0, 0), ( 0, 0), ( 0, 0), ( 0, 0),
   ( 1, 0), ( 1, 0), ( 1, 0), ( 1, 0), ( 0, 0), ( 0, 0), ( 0, 0), ( 0, 0),
   ( 0, 0), ( 0, 0), ( 0, 0), ( 0, 0), ( 0, 0), ( 0, 0), ( 0, 0), ( 0, 0),
   ( 0, 0), ( 0, 0), ( 0, 0), ( 0, 0), ( 0, 0), ( 0, 0), ( 0, 0), ( 0, 0),
   ( 0, 0), ( 0, 0), ( 0, 0), ( 0, 0), ( 0, 0), ( 0, 0), ( 0, 0), ( 0, 0),
   ( 0, 0), ( 0, 0), ( 0, 0), ( 0, 0), ( 0, 0), ( 0, 0), ( 0, 0), ( 0, 0),
   ( 0, 0), ( 0, 0), ( 0, 0), ( 0, 0), ( 0, 0), ( 0, 0), ( 0, 0), ( 0, 0));

Define KerningPairs
 ("AC","AG","AJ","AO","AQ","AT","AU","AV","AW","AY","Au","Av","Aw","Ay","B,","B.",
  "BA","BU","D,","D.","DA","DF","DJ","DV","DW","DY","F,","F.","FA","Fa","Fe","Fi",
  "Fo","Fr","G,","G.","GY","J,","J.","JA","Ja","Je","Jo","Ju","KO","Ke","Ko","Ku",
  "Ky","LT","LV","LW","LY","Ly","N,","N.","NA","O,","O.","OA","OT","OV","OW","OX",
  "OY","P,","P.","PA","Pa","Pe","Po","Q,","Q.","QU","RO","RT","RU","RV","RW","RY",
  "S,","S.","T,","T-","T.","T:","T;","TA","TO","Ta","Te","Th","Ti","To","Tr","Tu",
  "Tw","Ty","U,","U.","UA","US","V,","V-","V.","V:","V;","VA","VG","VO","Va","Ve",
  "Vi","Vo","Vu","W,","W-","W.","W:","W;","WA","WO","Wa","We","Wh","Wi","Wo","Wu",
  "Wy","XC","XO","Y,","Y-","Y.","Y:","Y;","YA","YO","YS","Ya","Ye","Yi","Yo","Yu",
  "av","aw","ay","b,","b.","bv","by","ch","ck","dv","dw","dy","f,","f.","fe","fo",
  "hy","iv","ke","ko","ky","lw","ly","my","nv","ny","o,","o.","ov","ow","ox","oy",
  "p,","p.","py","r,","r-","r.","ra","rd","re","rg","rk","rl","rq","v,","v.","va",
  "ve","vo","w,","w.","wa","wd","we","wh","wo","xe","xo","y,","y.","ya","yc","ye",
  "yo","ze");

Define KerningValues (  -1,  -1,  -1,   0,   0,  -1,  -1,  -2,  -1,  -1,   0,  -1,  -1,  -1,   0,   0,     0,   0,  -1,  -1,  -1,   0,  -1,  -1,   0,  -1,  -3,  -3,  -1,  -1,  -1,  -1,    -1,  -1,  -1,  -1,  -1,  -1,  -1,   0,  -1,  -1,  -1,  -1,  -1,   0,  -1,  -1,    -1,  -2,  -2,  -1,  -2,   0,   0,   0,   0,  -1,  -1,  -1,   0,   0,   0,   0,     0,  -3,  -3,  -1,   0,   0,   0,   0,  -1,   0,   0,   0,   0,   0,   0,  -1,     0,   0,  -2,  -3,  -2,  -2,  -2,  -2,  -1,  -2,  -2,   0,  -1,  -2,  -2,  -2,    -2,  -2,  -1,  -1,  -1,   0,  -3,  -2,  -3,  -1,  -1,  -2,  -1,   0,  -2,  -2,    -1,  -2,  -1,  -3,  -1,  -3,  -1,  -1,  -2,   0,  -1,  -2,   0,  -1,  -1,  -1,    -1,   0,   0,  -2,  -2,  -2,  -2,  -2,  -1,   0,   0,  -2,  -2,  -1,  -2,  -2,     0,   0,   0,   0,   0,   0,   0,   0,   0,   0,   0,   0,   0,   0,   0,   0,     0,   0,   0,   0,   0,   0,   0,   0,   0,   0,   0,   0,   0,   0,   0,   0,     0,   0,   0,  -1,  -1,  -1,   0,   0,   0,   0,   0,   0,   0,  -2,  -2,   0,     0,   0,  -2,  -2,   0,   0,   0,   0,   0,   0,   0,  -2,  -2,   0,   0,   0,     0,   0);

CreateLayer               Main;
LayerSetImage             Main '../images/ItalianOldStyleMT11Bold';
LayerSetAscent            Main 14;
LayerSetCharWidths        Main CharList WidthList;
LayerSetCharWidths        Main (' ') (9);
LayerSetKerningPairs      Main KerningPairs KerningValues;
LayerSetImageMap          Main CharList RectList;
LayerSetCharOffsets       Main CharList OffsetList;
LayerSetAscentPadding     Main 0;
LayerSetLineSpacingOffset Main 0;
LayerSetPointSize         Main 11;

SetDefaultPointSize  11;
