Define CharList
 ( 'A', 'B', 'C', 'D', 'E', 'F', 'G', 'H', 'I', 'J', 'K', 'L', 'M', 'N', 'O', 'P',
   'Q', 'R', 'S', 'T', 'U', 'V', 'W', 'X', 'Y', 'Z', 'a', 'b', 'c', 'd', 'e', 'f',
   'g', 'h', 'i', 'j', 'k', 'l', 'm', 'n', 'o', 'p', 'q', 'r', 's', 't', 'u', 'v',
   'w', 'x', 'y', 'z', '0', '1', '2', '3', '4', '5', '6', '7', '8', '9', '~', '`',
   '!', '@', '#', '$', '%', '^', '&', '*', '(', ')', '-', '_', '=', '+', '[', '{',
   ']', '}', ';', ':',"'", '"', ',', '<', '.', '>', '/', '?', '¡', '¢', '£', '¥',
   '§', '©', '®', '¿', 'À', 'Á', 'Â', 'Ã', 'Ä', 'Å', 'Æ', 'Ç', 'È', 'É', 'Ê', 'Ë',
   'Ì', 'Í', 'Î', 'Ï', 'Ð', 'Ñ', 'Ò', 'Ó', 'Ô', 'Õ', 'Ö', 'Ø', 'Ù', 'Ú', 'Û', 'Ü',
   'Ý', 'ß', 'à', 'á', 'â', 'ã', 'ä', 'å', 'æ', 'ç', 'è', 'é', 'ê', 'ë', 'ì', 'í',
   'î', 'ï', 'ð', 'ñ', 'ò', 'ó', 'ô', 'õ', 'ö', 'ø', 'ù', 'ú', 'û', 'ü', 'ý', 'ÿ');

Define WidthList
 (   8,   7,   8,   8,   6,   6,   8,   8,   3,   5,   7,   6,  11,   8,   9,   7,
     9,   7,   7,   6,   8,   7,  11,   7,   7,   7,   6,   7,   6,   7,   7,   4,
     7,   7,   3,   3,   6,   3,  11,   7,   7,   7,   7,   4,   6,   4,   7,   6,
    10,   6,   6,   6,   7,   7,   7,   7,   7,   7,   7,   7,   7,   7,   9,   5,
     3,  10,   7,   7,  11,   9,  11,   6,   4,   4,   4,   8,   9,   9,   4,   4,
     4,   4,   3,   3,   3,   5,   3,   9,   3,   9,   5,   5,   3,   7,   7,   7,
     7,  10,   8,   5,   8,   8,   8,   8,   8,   8,  10,   7,   6,   6,   6,   6,
     3,   3,   3,   3,   8,   8,   9,   9,   9,   9,   9,   9,   8,   8,   8,   8,
     7,   7,   6,   6,   6,   6,   6,   6,  10,   6,   7,   7,   7,   7,   3,   3,
     3,   3,   7,   7,   7,   7,   7,   7,   7,   7,   7,   7,   7,   7,   6,   6);

Define RectList
 ( (   0,  0,  7, 17), (   8,  0,  5, 17), (  14,  0,  6, 17), (  21,  0,  6, 17),
   (  28,  0,  4, 17), (  33,  0,  4, 17), (  38,  0,  6, 17), (  45,  0,  6, 17),
   (  52,  0,  1, 17), (  54,  0,  4, 17), (  59,  0,  6, 17), (  66,  0,  5, 17),
   (  72,  0,  9, 17), (  82,  0,  6, 17), (  89,  0,  7, 17), (  97,  0,  5, 17),
   ( 103,  0,  7, 17), ( 111,  0,  5, 17), ( 117,  0,  5, 17), ( 123,  0,  5, 17),
   ( 129,  0,  6, 17), ( 136,  0,  7, 17), ( 144,  0, 11, 17), ( 156,  0,  7, 17),
   ( 164,  0,  7, 17), ( 172,  0,  7, 17), ( 180,  0,  4, 17), ( 185,  0,  5, 17),
   ( 191,  0,  4, 17), ( 196,  0,  5, 17), ( 202,  0,  5, 17), ( 208,  0,  4, 17),
   ( 213,  0,  5, 17), ( 219,  0,  5, 17), ( 225,  0,  1, 17), ( 227,  0,  3, 17),
   ( 231,  0,  5, 17), ( 237,  0,  1, 17), ( 239,  0,  9, 17), ( 249,  0,  5, 17),
   ( 255,  0,  5, 17), ( 261,  0,  5, 17), ( 267,  0,  5, 17), ( 273,  0,  3, 17),
   ( 277,  0,  4, 17), ( 282,  0,  4, 17), ( 287,  0,  5, 17), ( 293,  0,  5, 17),
   ( 299,  0,  9, 17), ( 309,  0,  6, 17), ( 316,  0,  5, 17), ( 322,  0,  6, 17),
   ( 329,  0,  6, 17), ( 336,  0,  3, 17), ( 340,  0,  6, 17), ( 347,  0,  6, 17),
   ( 354,  0,  6, 17), ( 361,  0,  6, 17), ( 368,  0,  6, 17), ( 375,  0,  6, 17),
   ( 382,  0,  6, 17), ( 389,  0,  6, 17), ( 396,  0,  7, 17), ( 404,  0,  2, 17),
   ( 407,  0,  1, 17), ( 409,  0,  8, 17), ( 418,  0,  6, 17), ( 425,  0,  5, 17),
   ( 431,  0, 10, 17), ( 442,  0,  7, 17), ( 450,  0,  7, 17), ( 458,  0,  5, 17),
   ( 464,  0,  3, 17), ( 468,  0,  3, 17), ( 472,  0,  3, 17), ( 476,  0,  8, 17),
   ( 485,  0,  8, 17), ( 494,  0,  7, 17), ( 502,  0,  3, 17), ( 506,  0,  3, 17),
   ( 510,  0,  2, 17), ( 513,  0,  3, 17), ( 517,  0,  2, 17), ( 520,  0,  1, 17),
   ( 522,  0,  1, 17), ( 524,  0,  3, 17), ( 528,  0,  2, 17), ( 531,  0,  6, 17),
   ( 538,  0,  1, 17), ( 540,  0,  6, 17), ( 547,  0,  5, 17), ( 553,  0,  4, 17),
   ( 558,  0,  1, 17), ( 560,  0,  5, 17), ( 566,  0,  5, 17), ( 572,  0,  7, 17),
   ( 580,  0,  5, 17), ( 586,  0,  9, 17), ( 596,  0,  8, 17), ( 605,  0,  4, 17),
   ( 610,  0,  7, 17), ( 618,  0,  7, 17), ( 626,  0,  7, 17), ( 634,  0,  7, 17),
   ( 642,  0,  7, 17), ( 650,  0,  7, 17), ( 658,  0, 10, 17), ( 669,  0,  6, 17),
   ( 676,  0,  4, 17), ( 681,  0,  4, 17), ( 686,  0,  4, 17), ( 691,  0,  4, 17),
   ( 696,  0,  2, 17), ( 699,  0,  2, 17), ( 702,  0,  3, 17), ( 706,  0,  3, 17),
   ( 710,  0,  7, 17), ( 718,  0,  6, 17), ( 725,  0,  7, 17), ( 733,  0,  7, 17),
   ( 741,  0,  7, 17), ( 749,  0,  7, 17), ( 757,  0,  7, 17), ( 765,  0,  7, 17),
   ( 773,  0,  6, 17), ( 780,  0,  6, 17), ( 787,  0,  6, 17), ( 794,  0,  6, 17),
   ( 801,  0,  7, 17), ( 809,  0,  5, 17), ( 815,  0,  4, 17), ( 820,  0,  4, 17),
   ( 825,  0,  4, 17), ( 830,  0,  4, 17), ( 835,  0,  4, 17), ( 840,  0,  4, 17),
   ( 845,  0,  8, 17), ( 854,  0,  5, 17), ( 860,  0,  5, 17), ( 866,  0,  5, 17),
   ( 872,  0,  5, 17), ( 878,  0,  5, 17), ( 884,  0,  2, 17), ( 887,  0,  2, 17),
   ( 890,  0,  3, 17), ( 894,  0,  3, 17), ( 898,  0,  5, 17), ( 904,  0,  5, 17),
   ( 910,  0,  5, 17), ( 916,  0,  5, 17), ( 922,  0,  5, 17), ( 928,  0,  5, 17),
   ( 934,  0,  5, 17), ( 940,  0,  5, 17), ( 946,  0,  5, 17), ( 952,  0,  5, 17),
   ( 958,  0,  5, 17), ( 964,  0,  5, 17), ( 970,  0,  5, 17), ( 976,  0,  5, 17));

Define OffsetList
 ( ( 0, 0), ( 1, 0), ( 1, 0), ( 1, 0), ( 1, 0), ( 1, 0), ( 1, 0), ( 1, 0),
   ( 1, 0), ( 0, 0), ( 1, 0), ( 1, 0), ( 1, 0), ( 1, 0), ( 1, 0), ( 1, 0),
   ( 1, 0), ( 1, 0), ( 1, 0), ( 0, 0), ( 1, 0), ( 0, 0), ( 0, 0), ( 0, 0),
   ( 0, 0), ( 0, 0), ( 1, 0), ( 1, 0), ( 1, 0), ( 1, 0), ( 1, 0), ( 0, 0),
   ( 1, 0), ( 1, 0), ( 1, 0), (-1, 0), ( 1, 0), ( 1, 0), ( 1, 0), ( 1, 0),
   ( 1, 0), ( 1, 0), ( 1, 0), ( 1, 0), ( 1, 0), ( 0, 0), ( 1, 0), ( 0, 0),
   ( 0, 0), ( 0, 0), ( 0, 0), ( 0, 0), ( 0, 0), ( 1, 0), ( 0, 0), ( 0, 0),
   ( 0, 0), ( 0, 0), ( 0, 0), ( 0, 0), ( 0, 0), ( 0, 0), ( 1, 0), ( 1, 0),
   ( 1, 0), ( 1, 0), ( 0, 0), ( 1, 0), ( 0, 0), ( 1, 0), ( 0, 0), ( 0, 0),
   ( 1, 0), ( 0, 0), ( 0, 0), ( 0, 0), ( 0, 0), ( 1, 0), ( 1, 0), ( 0, 0),
   ( 1, 0), ( 0, 0), ( 0, 0), ( 1, 0), ( 1, 0), ( 1, 0), ( 0, 0), ( 1, 0),
   ( 1, 0), ( 1, 0), ( 0, 0), ( 0, 0), ( 1, 0), ( 1, 0), ( 1, 0), ( 0, 0),
   ( 1, 0), ( 0, 0), ( 0, 0), ( 1, 0), ( 0, 0), ( 0, 0), ( 0, 0), ( 0, 0),
   ( 0, 0), ( 0, 0), ( 0, 0), ( 1, 0), ( 1, 0), ( 1, 0), ( 1, 0), ( 1, 0),
   ( 1, 0), ( 0, 0), ( 0, 0), ( 0, 0), ( 0, 0), ( 1, 0), ( 1, 0), ( 1, 0),
   ( 1, 0), ( 1, 0), ( 1, 0), ( 1, 0), ( 1, 0), ( 1, 0), ( 1, 0), ( 1, 0),
   ( 0, 0), ( 1, 0), ( 1, 0), ( 1, 0), ( 1, 0), ( 1, 0), ( 1, 0), ( 1, 0),
   ( 1, 0), ( 1, 0), ( 1, 0), ( 1, 0), ( 1, 0), ( 1, 0), ( 1, 0), ( 0, 0),
   ( 0, 0), ( 0, 0), ( 1, 0), ( 1, 0), ( 1, 0), ( 1, 0), ( 1, 0), ( 1, 0),
   ( 1, 0), ( 1, 0), ( 1, 0), ( 1, 0), ( 1, 0), ( 1, 0), ( 0, 0), ( 0, 0));

Define KerningPairs
 ("(T","(V","(W","(Y","AT","AV","AW","AY","Av","D,","D.","F,","F.","FA","Fa","LC",
  "LG","LO","LQ","LT","LV","LW","LY","Lw","O,","P,","P.","PA","T)","T,","T.","T;",
  "TA","T]","Ta","Te","Tm","To","Tr","Ts","Tu","Tw","Ty","Tz","T}","V)","V,","V.",
  "VA","V]","Va","Ve","Vo","V}","W)","W,","W.","WA","W]","Wa","Wd","We","Wo","W}",
  "Y)","Y,","Y.","Y:","Y;","YA","Y]","Ya","Yd","Ye","Yo","Yq","Yu","Yv","Y}","[T",
  "[V","[W","[Y","b,","f)","f,","f.","f]","f}","r,","r.","v,","v.","w,","w.","y,",
  "y.","{T","{V","{W","{Y");

Define KerningValues (   1,   1,   1,   1,  -1,  -1,  -1,  -1,  -1,  -1,  -1,  -2,  -1,  -1,  -1,  -1,    -1,  -1,  -1,  -1,  -1,  -1,  -1,  -1,  -1,  -2,  -2,  -1,   1,  -1,  -1,  -1,    -1,   1,  -1,  -1,  -1,  -1,  -1,  -1,  -1,  -1,  -1,  -1,   1,   1,  -1,  -1,    -1,   1,  -1,  -1,  -1,   1,   1,  -1,  -1,  -1,   1,  -1,  -1,  -1,  -1,   1,     1,  -1,  -1,  -1,  -1,  -1,   1,  -1,  -1,  -1,  -1,  -1,  -1,  -1,   1,   1,     1,   1,   1,  -1,   1,  -1,  -1,   1,   1,  -1,  -1,  -1,  -1,  -1,  -1,  -1,    -1,   1,   1,   1,   1);

CreateLayer               Main;
LayerSetImage             Main '../images/MyriadCondensedWeb11';
LayerSetAscent            Main 13;
LayerSetCharWidths        Main CharList WidthList;
LayerSetCharWidths        Main (' ') (3);
LayerSetKerningPairs      Main KerningPairs KerningValues;
LayerSetImageMap          Main CharList RectList;
LayerSetCharOffsets       Main CharList OffsetList;
LayerSetAscentPadding     Main 0;
LayerSetLineSpacingOffset Main 0;
LayerSetPointSize         Main 11;

SetDefaultPointSize  11;
