Define CharList
 ( 'A', 'B', 'C', 'D', 'E', 'F', 'G', 'H', 'I', 'J', 'K', 'L', 'M', 'N', 'O', 'P',
   'Q', 'R', 'S', 'T', 'U', 'V', 'W', 'X', 'Y', 'Z', 'a', 'b', 'c', 'd', 'e', 'f',
   'g', 'h', 'i', 'j', 'k', 'l', 'm', 'n', 'o', 'p', 'q', 'r', 's', 't', 'u', 'v',
   'w', 'x', 'y', 'z', '0', '1', '2', '3', '4', '5', '6', '7', '8', '9', '!', '-',
   '+', ',', '.');

Define WidthList
 (  23,  23,  23,  23,  23,  23,  23,  23,   7,  23,  23,  23,  28,  24,  23,  23,
    23,  23,  23,  23,  23,  23,  28,  23,  23,  23,  23,  23,  23,  23,  23,  23,
    23,  23,   7,  23,  23,  23,  28,  24,  23,  23,  23,  23,  23,  23,  23,  23,
    28,  23,  23,  23,  23,   7,  23,  23,  23,  23,  23,  23,  23,  23,   5,  17,
    23,   5,   5);

Define RectList
 ( (   0,  0, 22, 21), (  23,  0, 22, 21), (  46,  0, 22, 21), (  69,  0, 22, 21),
   (  92,  0, 22, 21), ( 115,  0, 22, 21), ( 138,  0, 22, 21), ( 161,  0, 22, 21),
   ( 184,  0,  6, 21), ( 191,  0, 22, 21), ( 214,  0, 22, 21), ( 237,  0, 22, 21),
   ( 260,  0, 28, 21), ( 289,  0, 22, 21), ( 312,  0, 22, 21), ( 335,  0, 22, 21),
   ( 358,  0, 22, 21), ( 381,  0, 22, 21), ( 404,  0, 22, 21), ( 427,  0, 22, 21),
   ( 450,  0, 22, 21), ( 473,  0, 22, 21), ( 496,  0, 28, 21), ( 525,  0, 22, 21),
   ( 548,  0, 22, 21), ( 571,  0, 22, 21), ( 594,  0, 22, 21), ( 617,  0, 22, 21),
   ( 640,  0, 22, 21), ( 663,  0, 22, 21), ( 686,  0, 22, 21), ( 709,  0, 22, 21),
   ( 732,  0, 22, 21), ( 755,  0, 22, 21), ( 778,  0,  6, 21), ( 785,  0, 22, 21),
   ( 808,  0, 22, 21), ( 831,  0, 22, 21), ( 854,  0, 28, 21), ( 883,  0, 22, 21),
   ( 906,  0, 22, 21), ( 929,  0, 22, 21), ( 952,  0, 22, 21), ( 975,  0, 22, 21),
   ( 998,  0, 22, 21), (1021,  0, 22, 21), (1044,  0, 22, 21), (1067,  0, 22, 21),
   (1090,  0, 28, 21), (1119,  0, 22, 21), (1142,  0, 22, 21), (1165,  0, 22, 21),
   (1188,  0, 22, 21), (1211,  0,  5, 21), (1217,  0, 22, 21), (1240,  0, 22, 21),
   (1263,  0, 22, 21), (1286,  0, 22, 21), (1309,  0, 22, 21), (1332,  0, 22, 21),
   (1355,  0, 22, 21), (1378,  0, 22, 21), (1401,  0,  4, 21), (1406,  0, 15, 21),
   (1422,  0, 30, 21), (1453,  0,  4, 21), (1458,  0,  3, 21));

Define OffsetList
 ( ( 1, 0), ( 1, 0), ( 1, 0), ( 1, 0), ( 1, 0), ( 1, 0), ( 1, 0), ( 1, 0),
   ( 1, 0), ( 1, 0), ( 1, 0), ( 1, 0), ( 1, 0), ( 1, 0), ( 1, 0), ( 1, 0),
   ( 1, 0), ( 1, 0), ( 1, 0), ( 1, 0), ( 1, 0), ( 1, 0), ( 1, 0), ( 1, 0),
   ( 1, 0), ( 1, 0), ( 1, 0), ( 1, 0), ( 1, 0), ( 1, 0), ( 1, 0), ( 1, 0),
   ( 1, 0), ( 1, 0), ( 1, 0), ( 1, 0), ( 1, 0), ( 1, 0), ( 1, 0), ( 1, 0),
   ( 1, 0), ( 1, 0), ( 1, 0), ( 1, 0), ( 1, 0), ( 1, 0), ( 1, 0), ( 1, 0),
   ( 1, 0), ( 1, 0), ( 1, 0), ( 1, 0), ( 1, 0), ( 1, 0), ( 1, 0), ( 1, 0),
   ( 1, 0), ( 1, 0), ( 1, 0), ( 1, 0), ( 1, 0), ( 1, 0), ( 1, 0), ( 1, 0),
   (-3, 0), ( 1, 0), ( 1, 0));

Define KerningPairs
 (",-",",4",",7","-,","-.","-3","-7",".-",".4",".7","AY","Ay","C-","F,","F.","FJ",
  "Fa","Fe","Fj","Fo","Ko","Ky","L4","L7","LO","LV","LY","Ly","P,","P.","PA","Pa",
  "Pe","Po","Ps","Pu","T-","T4","T7","TA","Ta","Te","Ti","To","Tr","Ts","Tu","Tw",
  "Ty","Vy","Wy","c-","ee","f,","f.","fJ","ff","fj","ke","ko","l4","l7","p,","p.",
  "r,","r.","rd","rq","t4","t7");

Define KerningValues
 (  -5,  -8,  -8,  -5,  -5,  -5,  -3,  -5,  -8,  -8,  -1,  -1, -16, -16, -16,  -3,
    -1,  -1,  -3,  -1,  -1,  -1,  -4, -16,  -2,  -2,  -3,  -3,  -4,  -5,  -1,  -1,
    -1,  -1,  -1,  -1,  -3,  -3,  -7,  -1,  -1,  -1,  -1,  -1,  -1,  -2,  -1,  -1,
    -3,  -1,  -1, -16,  -1, -16, -16,  -3,  -1,  -3,  -1,  -1,  -4, -16,  -4,  -5,
    -2,  -3,  -1,  -1,  -3,  -7);

Define OutlineCharList
 ( 'A', 'B', 'C', 'D', 'E', 'F', 'G', 'H', 'I', 'J', 'K', 'L', 'M', 'N', 'O', 'P',
   'Q', 'R', 'S', 'T', 'U', 'V', 'W', 'X', 'Y', 'Z', 'a', 'b', 'c', 'd', 'e', 'f',
   'g', 'h', 'i', 'j', 'k', 'l', 'm', 'n', 'o', 'p', 'q', 'r', 's', 't', 'u', 'v',
   'w', 'x', 'y', 'z', '0', '1', '2', '3', '4', '5', '6', '7', '8', '9', '!', '-',
   '+', ',', '.');

Define OutlineWidthList
 (  23,  23,  23,  23,  23,  23,  23,  23,   7,  23,  23,  23,  28,  24,  23,  23,
    23,  23,  23,  23,  23,  23,  28,  23,  23,  23,  23,  23,  23,  23,  23,  23,
    23,  23,   7,  23,  23,  23,  28,  24,  23,  23,  23,  23,  23,  23,  23,  23,
    28,  23,  23,  23,  23,   7,  23,  23,  23,  23,  23,  23,  23,  23,   5,  17,
    23,   5,   5);

Define OutlineRectList
 ( (   0,  0, 32, 31), (  33,  0, 32, 31), (  66,  0, 32, 31), (  99,  0, 32, 31),
   ( 132,  0, 32, 31), ( 165,  0, 32, 31), ( 198,  0, 32, 31), ( 231,  0, 32, 31),
   ( 264,  0, 16, 31), ( 281,  0, 32, 31), ( 314,  0, 32, 31), ( 347,  0, 32, 31),
   ( 380,  0, 38, 31), ( 419,  0, 32, 31), ( 452,  0, 32, 31), ( 485,  0, 32, 31),
   ( 518,  0, 32, 31), ( 551,  0, 32, 31), ( 584,  0, 32, 31), ( 617,  0, 32, 31),
   ( 650,  0, 32, 31), ( 683,  0, 32, 31), ( 716,  0, 38, 31), ( 755,  0, 32, 31),
   ( 788,  0, 32, 31), ( 821,  0, 32, 31), ( 854,  0, 32, 31), ( 887,  0, 32, 31),
   ( 920,  0, 32, 31), ( 953,  0, 32, 31), ( 986,  0, 32, 31), (1019,  0, 32, 31),
   (1052,  0, 32, 31), (1085,  0, 32, 31), (1118,  0, 16, 31), (1135,  0, 32, 31),
   (1168,  0, 32, 31), (1201,  0, 32, 31), (1234,  0, 38, 31), (1273,  0, 32, 31),
   (1306,  0, 32, 31), (1339,  0, 32, 31), (1372,  0, 32, 31), (1405,  0, 32, 31),
   (1438,  0, 32, 31), (1471,  0, 32, 31), (1504,  0, 32, 31), (1537,  0, 32, 31),
   (1570,  0, 38, 31), (1609,  0, 32, 31), (1642,  0, 32, 31), (1675,  0, 32, 31),
   (1708,  0, 32, 31), (1741,  0, 15, 31), (1757,  0, 32, 31), (1790,  0, 32, 31),
   (1823,  0, 32, 31), (1856,  0, 32, 31), (1889,  0, 32, 31), (1922,  0, 32, 31),
   (1955,  0, 32, 31), (1988,  0, 32, 31), (2021,  0, 14, 31), (2036,  0, 25, 31),
   (2062,  0, 40, 31), (2103,  0, 14, 31), (2118,  0, 13, 31));

Define OutlineOffsetList
 ( (-4, 0), (-4, 0), (-4, 0), (-4, 0), (-4, 0), (-4, 0), (-4, 0), (-4, 0),
   (-4, 0), (-4, 0), (-4, 0), (-4, 0), (-4, 0), (-4, 0), (-4, 0), (-4, 0),
   (-4, 0), (-4, 0), (-4, 0), (-4, 0), (-4, 0), (-4, 0), (-4, 0), (-4, 0),
   (-4, 0), (-4, 0), (-4, 0), (-4, 0), (-4, 0), (-4, 0), (-4, 0), (-4, 0),
   (-4, 0), (-4, 0), (-4, 0), (-4, 0), (-4, 0), (-4, 0), (-4, 0), (-4, 0),
   (-4, 0), (-4, 0), (-4, 0), (-4, 0), (-4, 0), (-4, 0), (-4, 0), (-4, 0),
   (-4, 0), (-4, 0), (-4, 0), (-4, 0), (-4, 0), (-4, 0), (-4, 0), (-4, 0),
   (-4, 0), (-4, 0), (-4, 0), (-4, 0), (-4, 0), (-4, 0), (-4, 0), (-4, 0),
   (-8, 0), (-4, 0), (-4, 0));

Define OutlineKerningPairs
 (",-",",4",",7","-,","-.","-3","-7",".-",".4",".7","AY","Ay","C-","F,","F.","FJ",
  "Fa","Fe","Fj","Fo","Ko","Ky","L4","L7","LO","LV","LY","Ly","P,","P.","PA","Pa",
  "Pe","Po","Ps","Pu","T-","T4","T7","TA","Ta","Te","Ti","To","Tr","Ts","Tu","Tw",
  "Ty","Vy","Wy","c-","ee","f,","f.","fJ","ff","fj","ke","ko","l4","l7","p,","p.",
  "r,","r.","rd","rq","t4","t7");

Define OutlineKerningValues

 (  -5,  -8,  -8,  -5,  -5,  -5,  -3,  -5,  -8,  -8,  -1,  -1, -16, -16, -16,  -3,

    -1,  -1,  -3,  -1,  -1,  -1,  -4, -16,  -2,  -2,  -3,  -3,  -4,  -5,  -1,  -1,

    -1,  -1,  -1,  -1,  -3,  -3,  -7,  -1,  -1,  -1,  -1,  -1,  -1,  -2,  -1,  -1,

    -3,  -1,  -1, -16,  -1, -16, -16,  -3,  -1,  -3,  -1,  -1,  -4, -16,  -4,  -5,

    -2,  -3,  -1,  -1,  -3,  -7);

CreateLayer               Main;
LayerSetImage             Main 'Fusion16';
LayerSetAscent            Main 17;
LayerSetCharWidths        Main CharList WidthList;
LayerSetCharWidths        Main (' ') (17);
LayerSetKerningPairs      Main KerningPairs KerningValues;
LayerSetImageMap          Main CharList RectList;
LayerSetCharOffsets       Main CharList OffsetList;
LayerSetAscentPadding     Main 0;
LayerSetLineSpacingOffset Main 0;
LayerSetPointSize         Main 16;

CreateLayer               Outline;
LayerSetImage             Outline 'Fusion16Outline';
LayerSetAscent            Outline 22;
LayerSetCharWidths        Outline CharList WidthList;
LayerSetCharWidths        Outline (' ') (17);
LayerSetKerningPairs      Outline KerningPairs KerningValues;
LayerSetImageMap          Outline CharList OutlineRectList;
LayerSetCharOffsets       Outline CharList OutlineOffsetList;
LayerSetAscentPadding     Outline 5;
LayerSetLineSpacingOffset Outline 5;
LayerSetPointSize         Outline 16;
LayerSetColorMult	  Outline (0,0,0,1);
LayerSetBaseOrder         Outline -1;


SetDefaultPointSize  16;
