Define CharList
 ( 'A', 'B', 'C', 'D', 'E', 'F', 'G', 'H', 'I', 'J', 'K', 'L', 'M', 'N', 'O', 'P',
   'Q', 'R', 'S', 'T', 'U', 'V', 'W', 'X', 'Y', 'Z', 'a', 'b', 'c', 'd', 'e', 'f',
   'g', 'h', 'i', 'j', 'k', 'l', 'm', 'n', 'o', 'p', 'q', 'r', 's', 't', 'u', 'v',
   'w', 'x', 'y', 'z', '0', '1', '2', '3', '4', '5', '6', '7', '8', '9', '~', '`',
   '!', '@', '#', '$', '%', '^', '&', '*', '(', ')', '-', '_', '=', '+', '[', '{',
   ']', '}', ';', ':',"'", '"', ',', '<', '.', '>', '/', '?');

Define WidthList
 (  21,  21,  21,  21,  21,  21,  21,  21,   7,  21,  21,  21,  26,  22,  21,  21,
    21,  21,  21,  21,  21,  21,  26,  21,  21,  21,  21,  21,  21,  21,  21,  21,
    21,  21,   7,  21,  21,  21,  26,  22,  21,  21,  21,  21,  21,  21,  21,  21,
    26,  21,  21,  21,  21,   7,  21,  21,  21,  21,  21,  21,  21,  21,  15,   5,
     5,  21,  21,  21,  21,  21,  21,  21,   9,   9,  15,  17,  21,  21,   9,   9,
     9,   9,   5,   5,   5,   9,   5,  21,   5,  21,   9,   7);

Define RectList
 ( (   0,  0, 30, 29), (  31,  0, 30, 29), (  62,  0, 30, 29), (  93,  0, 30, 29),
   ( 124,  0, 30, 29), ( 155,  0, 30, 29), ( 186,  0, 30, 29), ( 217,  0, 30, 29),
   ( 248,  0, 16, 29), ( 265,  0, 30, 29), ( 296,  0, 30, 29), ( 327,  0, 30, 29),
   ( 358,  0, 36, 29), ( 395,  0, 32, 29), ( 428,  0, 30, 29), ( 459,  0, 30, 29),
   ( 490,  0, 30, 29), ( 521,  0, 30, 29), ( 552,  0, 30, 29), ( 583,  0, 30, 29),
   ( 614,  0, 30, 29), ( 645,  0, 30, 29), ( 676,  0, 36, 29), ( 713,  0, 30, 29),
   ( 744,  0, 30, 29), ( 775,  0, 30, 29), ( 806,  0, 30, 29), ( 837,  0, 30, 29),
   ( 868,  0, 30, 29), ( 899,  0, 30, 29), ( 930,  0, 30, 29), ( 961,  0, 30, 29),
   ( 992,  0, 30, 29), (1023,  0, 30, 29), (1054,  0, 16, 29), (1071,  0, 30, 29),
   (1102,  0, 30, 29), (1133,  0, 30, 29), (1164,  0, 36, 29), (1201,  0, 32, 29),
   (1234,  0, 30, 29), (1265,  0, 30, 29), (1296,  0, 30, 29), (1327,  0, 30, 29),
   (1358,  0, 30, 29), (1389,  0, 30, 29), (1420,  0, 30, 29), (1451,  0, 30, 29),
   (1482,  0, 36, 29), (1519,  0, 30, 29), (1550,  0, 30, 29), (1581,  0, 30, 29),
   (1612,  0, 30, 29), (1643,  0, 15, 29), (1659,  0, 30, 29), (1690,  0, 30, 29),
   (1721,  0, 30, 29), (1752,  0, 30, 29), (1783,  0, 30, 29), (1814,  0, 30, 29),
   (1845,  0, 30, 29), (1876,  0, 30, 29), (1907,  0, 31, 29), (1939,  0, 14, 29),
   (1954,  0, 14, 29), (1969,  0, 38, 29), (2008,  0, 38, 29), (2047,  0, 38, 29),
   (2086,  0, 38, 29), (2125,  0, 38, 29), (2164,  0, 30, 29), (2195,  0, 38, 29),
   (2234,  0, 18, 29), (2253,  0, 18, 29), (2272,  0, 25, 29), (2298,  0, 27, 29),
   (2326,  0, 38, 29), (2365,  0, 38, 29), (2404,  0, 18, 29), (2423,  0, 22, 29),
   (2446,  0, 18, 29), (2465,  0, 22, 29), (2488,  0, 14, 29), (2503,  0, 14, 29),
   (2518,  0, 14, 29), (2533,  0, 18, 29), (2552,  0, 14, 29), (2567,  0, 38, 29),
   (2606,  0, 14, 29), (2621,  0, 38, 29), (2660,  0, 18, 29), (2679,  0, 30, 29));

Define OffsetList
 ( (-5, 0), (-5, 0), (-5, 0), (-5, 0), (-5, 0), (-5, 0), (-5, 0), (-5, 0),
   (-5, 0), (-5, 0), (-5, 0), (-5, 0), (-5, 0), (-5, 0), (-5, 0), (-5, 0),
   (-5, 0), (-5, 0), (-5, 0), (-5, 0), (-5, 0), (-5, 0), (-5, 0), (-5, 0),
   (-5, 0), (-5, 0), (-5, 0), (-5, 0), (-5, 0), (-5, 0), (-5, 0), (-5, 0),
   (-5, 0), (-5, 0), (-5, 0), (-5, 0), (-5, 0), (-5, 0), (-5, 0), (-5, 0),
   (-5, 0), (-5, 0), (-5, 0), (-5, 0), (-5, 0), (-5, 0), (-5, 0), (-5, 0),
   (-5, 0), (-5, 0), (-5, 0), (-5, 0), (-5, 0), (-4, 0), (-5, 0), (-5, 0),
   (-5, 0), (-5, 0), (-5, 0), (-5, 0), (-5, 0), (-5, 0), (-8, 0), (-5, 0),
   (-5, 0), (-9, 0), (-9, 0), (-9, 0), (-9, 0), (-9, 0), (-5, 0), (-9, 0),
   (-5, 0), (-5, 0), (-5, 0), (-5, 0), (-9, 0), (-9, 0), (-5, 0), (-7, 0),
   (-5, 0), (-7, 0), (-5, 0), (-5, 0), (-5, 0), (-5, 0), (-5, 0), (-9, 0),
   (-5, 0), (-9, 0), (-5, 0), (-5, 0));
   
Define OutlineRectList
 ( (   0,  0, 30, 29), (  31,  0, 30, 29), (  62,  0, 30, 29), (  93,  0, 30, 29),
   ( 124,  0, 30, 29), ( 155,  0, 30, 29), ( 186,  0, 30, 29), ( 217,  0, 30, 29),
   ( 248,  0, 16, 29), ( 265,  0, 30, 29), ( 296,  0, 30, 29), ( 327,  0, 30, 29),
   ( 358,  0, 36, 29), ( 395,  0, 32, 29), ( 428,  0, 30, 29), ( 459,  0, 30, 29),
   ( 490,  0, 30, 29), ( 521,  0, 30, 29), ( 552,  0, 30, 29), ( 583,  0, 30, 29),
   ( 614,  0, 30, 29), ( 645,  0, 30, 29), ( 676,  0, 36, 29), ( 713,  0, 30, 29),
   ( 744,  0, 30, 29), ( 775,  0, 30, 29), ( 806,  0, 30, 29), ( 837,  0, 30, 29),
   ( 868,  0, 30, 29), ( 899,  0, 30, 29), ( 930,  0, 30, 29), ( 961,  0, 30, 29),
   ( 992,  0, 30, 29), (1023,  0, 30, 29), (1054,  0, 16, 29), (1071,  0, 30, 29),
   (1102,  0, 30, 29), (1133,  0, 30, 29), (1164,  0, 36, 29), (1201,  0, 32, 29),
   (1234,  0, 30, 29), (1265,  0, 30, 29), (1296,  0, 30, 29), (1327,  0, 30, 29),
   (1358,  0, 30, 29), (1389,  0, 30, 29), (1420,  0, 30, 29), (1451,  0, 30, 29),
   (1482,  0, 36, 29), (1519,  0, 30, 29), (1550,  0, 30, 29), (1581,  0, 30, 29),
   (1612,  0, 30, 29), (1643,  0, 15, 29), (1659,  0, 30, 29), (1690,  0, 30, 29),
   (1721,  0, 30, 29), (1752,  0, 30, 29), (1783,  0, 30, 29), (1814,  0, 30, 29),
   (1845,  0, 30, 29), (1876,  0, 30, 29), (1907,  0, 31, 29), (1939,  0, 14, 29),
   (1954,  0, 14, 29), (1969,  0, 38, 29), (2008,  0, 38, 29), (2047,  0, 38, 29),
   (2086,  0, 38, 29), (2125,  0, 38, 29), (2164,  0, 30, 29), (2195,  0, 38, 29),
   (2234,  0, 18, 29), (2253,  0, 18, 29), (2272,  0, 25, 29), (2298,  0, 27, 29),
   (2326,  0, 38, 29), (2365,  0, 38, 29), (2404,  0, 18, 29), (2423,  0, 22, 29),
   (2446,  0, 18, 29), (2465,  0, 22, 29), (2488,  0, 14, 29), (2503,  0, 14, 29),
   (2518,  0, 14, 29), (2533,  0, 18, 29), (2552,  0, 14, 29), (2567,  0, 38, 29),
   (2606,  0, 14, 29), (2621,  0, 38, 29), (2660,  0, 18, 29), (2679,  0, 30, 29));

Define OutlineOffsetList
 ( (-5, 0), (-5, 0), (-5, 0), (-5, 0), (-5, 0), (-5, 0), (-5, 0), (-5, 0),
   (-5, 0), (-5, 0), (-5, 0), (-5, 0), (-5, 0), (-5, 0), (-5, 0), (-5, 0),
   (-5, 0), (-5, 0), (-5, 0), (-5, 0), (-5, 0), (-5, 0), (-5, 0), (-5, 0),
   (-5, 0), (-5, 0), (-5, 0), (-5, 0), (-5, 0), (-5, 0), (-5, 0), (-5, 0),
   (-5, 0), (-5, 0), (-5, 0), (-5, 0), (-5, 0), (-5, 0), (-5, 0), (-5, 0),
   (-5, 0), (-5, 0), (-5, 0), (-5, 0), (-5, 0), (-5, 0), (-5, 0), (-5, 0),
   (-5, 0), (-5, 0), (-5, 0), (-5, 0), (-5, 0), (-4, 0), (-5, 0), (-5, 0),
   (-5, 0), (-5, 0), (-5, 0), (-5, 0), (-5, 0), (-5, 0), (-8, 0), (-5, 0),
   (-5, 0), (-9, 0), (-9, 0), (-9, 0), (-9, 0), (-9, 0), (-5, 0), (-9, 0),
   (-5, 0), (-5, 0), (-5, 0), (-5, 0), (-9, 0), (-9, 0), (-5, 0), (-7, 0),
   (-5, 0), (-7, 0), (-5, 0), (-5, 0), (-5, 0), (-5, 0), (-5, 0), (-9, 0),
   (-5, 0), (-9, 0), (-5, 0), (-5, 0));

Define KerningPairs
 ("!)","!]","\",","\".","\"J","\"j","')","',","'.","'J","']","'j","(/","(2","(3","(4",
  "(5","(7","(8","(9","(:","(D","(J","(Q","(R","(S","(X","(Y","(Z","(d","(j","(q",
  "(r","(s","(x","(y","(z",",\"",",'",",-",",4",",7","-,","-.","-3","-7",".\"",".'",
  ".)",".-",".4",".7",".]","/)","/.","//","/J","/]","/j","1)","1]","2)","2]","5)",
  "5]","6)","6]","8)","8]",":)",":]","?!","?\"","?'","?(","?)","?-","?/","?0","?1",
  "?2","?3","?4","?5","?6","?7","?8","?9","?:","?;","??","?A","?B","?C","?D","?E",
  "?F","?G","?H","?I","?J","?K","?L","?M","?N","?O","?P","?Q","?R","?S","?T","?U",
  "?V","?W","?X","?Y","?Z","?]","?a","?b","?c","?d","?e","?f","?g","?h","?i","?j",
  "?k","?l","?m","?n","?o","?p","?q","?r","?s","?t","?u","?v","?w","?x","?y","?z",
  "AY","Ay","B)","B]","C)","C-","C]","E)","E]","F)","F,","F.","F/","FJ","F]","Fa",
  "Fe","Fj","Fo","G)","G]","H)","H]","K)","K]","Ky","L\"","L'","L)","L4","L7","L?",
  "LO","LV","LY","L]","Ly","M)","M]","P)","P,","P.","PA","P]","Pa","Pe","Po","Ps",
  "Pu","Q)","Q]","S)","S]","T\"","T'","T)","T-","T4","T7","T:","T;","TA","T]","Ta",
  "Te","Ti","To","Tr","Ts","Tu","Tw","Ty","Vy","Wy","X)","X]","Z)","Z]","b)","b]",
  "c)","c-","c]","e)","e]","ee","f)","f,","f.","f/","fJ","f]","ff","fj","g)","g]",
  "h)","h]","k)","k]","l\"","l'","l)","l4","l7","l?","l]","m)","m]","p)","p,","p.",
  "p]","q)","q]","r,","r.","s)","s]","t\"","t'","t)","t4","t7","t]","x)","x]","z)",
  "z]");

Define KerningValues
 (  -5,  -5,  -5,  -5,  -6,  -6,  -5,  -5,  -5,  -6,  -5,  -6,  -3,  -3,  -4,  -4,
    -3,  -4,  -3,  -3,  -3,  -3,  -4,  -3,  -3,  -3,  -3,  -3,  -3,  -3,  -4,  -3,
    -3,  -3,  -3,  -3,  -3,  -5,  -5,  -5,  -7,  -7,  -5,  -5,  -5,  -2,  -5,  -5,
    -5,  -5,  -7,  -7,  -5,  -3,  -3,  -4,  -3,  -3,  -3,  -4,  -4,  -3,  -3,  -3,
    -3,  -3,  -3,  -3,  -3,  -5,  -5,  12,  13,  13,  12,   9,  13,  11,  12,  13,
    12,  11,  11,  12,  12,  11,  12,  12,  11,  11,  12,  12,  12,  12,  12,  12,
    12,  12,  12,  12,  11,  12,  12,  12,  12,  12,  12,  12,  12,  12,  12,  12,
    12,  12,  12,  12,  12,   9,  12,  12,  12,  12,  12,  12,  12,  12,  12,  11,
    12,  12,  12,  12,  12,  12,  12,  12,  12,  12,  12,  12,  12,  12,  12,  12,
    -1,  -1,  -3,  -3,  -4, -14,  -4,  -3,  -3,  -4, -14, -14,  -3,  -3,  -4,  -1,
    -1,  -3,  -1,  -3,  -3,  -3,  -3,  -3,  -3,  -1, -14, -14,  -4,  -4, -15,  -3,
    -2,  -2,  -3,  -4,  -3,  -3,  -3,  -4,  -4,  -4,  -1,  -4,  -1,  -1,  -1,  -1,
    -1,  -3,  -3,  -3,  -3,  -6,  -6,  -4,  -2,  -3,  -7,  -1,  -1,  -1,  -4,  -1,
    -1,  -1,  -1,  -1,  -2,  -1,  -1,  -2,  -1,  -1,  -3,  -3,  -3,  -3,  -3,  -3,
    -4, -14,  -4,  -3,  -3,  -1,  -4, -14, -14,  -3,  -3,  -4,  -1,  -3,  -3,  -3,
    -3,  -3,  -3,  -3, -14, -14,  -4,  -4, -15,  -3,  -4,  -3,  -3,  -4,  -4,  -4,
    -4,  -3,  -3,  -2,  -2,  -3,  -3,  -6,  -6,  -4,  -3,  -7,  -4,  -3,  -3,  -3,
    -3);

CreateLayer               Main;
LayerSetImage             Main 'Fusion14Bold';
LayerSetAscent            Main 20;
LayerSetCharWidths        Main CharList WidthList;
LayerSetCharWidths        Main (' ') (15);
LayerSetKerningPairs      Main KerningPairs KerningValues;
LayerSetImageMap          Main CharList RectList;
LayerSetCharOffsets       Main CharList OffsetList;
LayerSetAscentPadding     Main 5;
LayerSetLineSpacingOffset Main 5;
LayerSetPointSize         Main 14;

CreateLayer               Outline;
LayerSetImage             Outline 'Fusion14Boldoutline';
LayerSetAscent            Outline 20;
LayerSetCharWidths        Outline CharList WidthList;
LayerSetCharWidths        Outline (' ') (15);
LayerSetKerningPairs      Outline KerningPairs KerningValues;
LayerSetImageMap          Outline CharList RectList;
LayerSetCharOffsets       Outline CharList OffsetList;
LayerSetAscentPadding     Outline 5;
LayerSetLineSpacingOffset Outline 5;
LayerSetPointSize         Outline 14;
LayerSetBaseOrder		  Outline -1;
LayerSetColorMult		  Outline (0, 0, 0, 1);

SetDefaultPointSize  14;
