Define CharList
 ( 'A', 'B', 'C', 'D', 'E', 'F', 'G', 'H', 'I', 'J', 'K', 'L', 'M', 'N', 'O', 'P',
   'Q', 'R', 'S', 'T', 'U', 'V', 'W', 'X', 'Y', 'Z', 'a', 'b', 'c', 'd', 'e', 'f',
   'g', 'h', 'i', 'j', 'k', 'l', 'm', 'n', 'o', 'p', 'q', 'r', 's', 't', 'u', 'v',
   'w', 'x', 'y', 'z', '0', '1', '2', '3', '4', '5', '6', '7', '8', '9', '~', '`',
   '!', '@', '#', '$', '%', '^', '&', '*', '(', ')', '-', '_', '=', '+', '[', '{',
   ']', '}', ';', ':',"'", '"', ',', '<', '.', '>', '/', '?', '¡');

Define WidthList
 (  11,  11,   9,  11,  10,   9,  11,  11,   3,   5,  10,   9,  14,  11,  11,  10,
    11,  10,  10,   8,  11,  11,  15,  10,   9,   9,  10,  10,   9,  10,  10,   5,
    10,  10,   3,   3,   8,   3,  13,  10,  10,  10,  10,   5,   8,   5,  10,  10,
    12,   9,  10,  10,  11,   3,  11,  10,  12,  11,  11,  10,  11,  11,   9,   3,
     4,   9,   9,  10,  12,   5,  12,   6,   4,   4,   7,  11,   7,   5,   4,   3,
     4,   3,   3,   4,   3,   5,   2,   6,   3,   6,   9,   8,   4);

Define RectList
 ( (   0,  0, 11, 13), (  12,  0,  9, 13), (  22,  0,  8, 13), (  31,  0,  9, 13),
   (  41,  0,  8, 13), (  50,  0,  8, 13), (  59,  0,  9, 13), (  69,  0,  9, 13),
   (  79,  0,  1, 13), (  81,  0,  4, 13), (  86,  0,  8, 13), (  95,  0,  9, 13),
   ( 105,  0, 12, 13), ( 118,  0,  9, 13), ( 128,  0,  9, 13), ( 138,  0,  8, 13),
   ( 147,  0,  9, 13), ( 157,  0,  8, 13), ( 166,  0,  8, 13), ( 175,  0,  9, 13),
   ( 185,  0,  9, 13), ( 195,  0, 11, 13), ( 207,  0, 14, 13), ( 222,  0, 10, 13),
   ( 233,  0,  9, 13), ( 243,  0,  9, 13), ( 253,  0,  8, 13), ( 262,  0,  8, 13),
   ( 271,  0,  7, 13), ( 279,  0,  8, 13), ( 288,  0,  8, 13), ( 297,  0,  4, 13),
   ( 302,  0,  8, 13), ( 311,  0,  8, 13), ( 320,  0,  2, 13), ( 323,  0,  5, 13),
   ( 329,  0,  7, 13), ( 337,  0,  1, 13), ( 339,  0, 10, 13), ( 350,  0,  8, 13),
   ( 359,  0,  8, 13), ( 368,  0,  8, 13), ( 377,  0,  8, 13), ( 386,  0,  4, 13),
   ( 391,  0,  6, 13), ( 398,  0,  5, 13), ( 404,  0,  8, 13), ( 413,  0, 10, 13),
   ( 424,  0, 12, 13), ( 437,  0,  8, 13), ( 446,  0,  8, 13), ( 455,  0,  9, 13),
   ( 465,  0,  9, 13), ( 475,  0,  1, 13), ( 477,  0,  9, 13), ( 487,  0, 10, 13),
   ( 498,  0, 10, 13), ( 509,  0,  9, 13), ( 519,  0,  9, 13), ( 529,  0, 10, 13),
   ( 540,  0,  9, 13), ( 550,  0,  9, 13), ( 560,  0,  8, 13), ( 569,  0,  3, 13),
   ( 573,  0,  3, 13), ( 577,  0,  7, 13), ( 585,  0,  9, 13), ( 595,  0,  8, 13),
   ( 604,  0, 11, 13), ( 616,  0,  5, 13), ( 622,  0, 10, 13), ( 633,  0,  6, 13),
   ( 640,  0,  2, 13), ( 643,  0,  2, 13), ( 646,  0,  5, 13), ( 652,  0, 10, 13),
   ( 663,  0,  5, 13), ( 669,  0,  5, 13), ( 675,  0,  2, 13), ( 678,  0,  2, 13),
   ( 681,  0,  2, 13), ( 684,  0,  2, 13), ( 687,  0,  2, 13), ( 690,  0,  1, 13),
   ( 692,  0,  1, 13), ( 694,  0,  3, 13), ( 698,  0,  2, 13), ( 701,  0,  6, 13),
   ( 708,  0,  3, 13), ( 712,  0,  6, 13), ( 719,  0,  8, 13), ( 728,  0,  7, 13),
   ( 736,  0,  5, 13));

Define OffsetList
 ( ( 0, 0), ( 1, 0), ( 1, 0), ( 1, 0), ( 1, 0), ( 1, 0), ( 1, 0), ( 1, 0),
   ( 1, 0), ( 0, 0), ( 1, 0), ( 1, 0), ( 1, 0), ( 1, 0), ( 1, 0), ( 1, 0),
   ( 1, 0), ( 1, 0), ( 1, 0), ( 0, 0), ( 1, 0), ( 0, 0), ( 0, 0), ( 0, 0),
   ( 0, 0), ( 0, 0), ( 1, 0), ( 1, 0), ( 1, 0), ( 1, 0), ( 1, 0), ( 1, 0),
   ( 1, 0), ( 1, 0), ( 0, 0), (-2, 0), ( 1, 0), ( 1, 0), ( 1, 0), ( 1, 0),
   ( 1, 0), ( 1, 0), ( 1, 0), ( 1, 0), ( 1, 0), ( 0, 0), ( 1, 0), ( 0, 0),
   ( 0, 0), ( 0, 0), ( 1, 0), ( 0, 0), ( 1, 0), ( 1, 0), ( 1, 0), (-1, 0),
   ( 1, 0), ( 1, 0), ( 1, 0), ( 0, 0), ( 1, 0), ( 1, 0), ( 0, 0), ( 0, 0),
   ( 0, 0), ( 1, 0), ( 0, 0), ( 1, 0), ( 0, 0), ( 0, 0), ( 1, 0), ( 0, 0),
   ( 1, 0), ( 1, 0), ( 1, 0), ( 1, 0), ( 1, 0), ( 0, 0), ( 1, 0), ( 0, 0),
   ( 0, 0), ( 1, 0), ( 0, 0), ( 1, 0), ( 1, 0), ( 1, 0), ( 0, 0), (-1, 0),
   ( 0, 0), ( 0, 0), ( 0, 0), ( 0, 0), (-1, 0));

Define KerningPairs
 ("\"r","\"s","'r","'s","0\"","0'","0V","0W","0Y","AL","AT","AV","AW","AY","Av","ET",
  "EV","EW","EY","L\"","L'","LV","LW","LY","O\"","O'","OV","OW","OY","ST","SV","SW",
  "SY","TA","Ta","Te","Tg","To","Tu","Ty","V0","VA","VO","Va","Ve","Vg","Vo","Vu",
  "Vy","W0","WA","WO","Wa","We","Wg","Wo","Wu","Wy","Y0","YA","YO","Ya","Ye","Yg",
  "Yo","Yu","Yy","ev","g\"","g'","gv","n\"","n'","o\"","o'","ov","ta","vA","va","ve");

Define KerningValues
 (  -1,  -1,  -1,  -1,  -1,  -1,  -1,  -1,  -1,  -1,  -1,  -2,  -2,  -2,  -1,  -2,
    -1,  -1,  -1,  -1,  -1,  -2,  -2,  -2,  -1,  -1,  -1,  -1,  -1,  -2,  -1,  -1,
    -1,  -1,  -2,  -1,  -1,  -1,  -1,  -1,  -1,  -2,  -1,  -2,  -1,  -1,  -1,  -1,
    -1,  -1,  -2,  -1,  -2,  -1,  -1,  -1,  -1,  -1,  -1,  -2,  -1,  -2,  -1,  -1,
    -1,  -1,  -1,  -1,  -1,  -1,  -1,  -1,  -1,  -1,  -1,  -1,  -1,  -1,  -1,  -1);

CreateLayer               Main;
LayerSetImage             Main 'NeuropolX13';
LayerSetAscent            Main 11;
LayerSetCharWidths        Main CharList WidthList;
LayerSetCharWidths        Main (' ') (4);
LayerSetKerningPairs      Main KerningPairs KerningValues;
LayerSetImageMap          Main CharList RectList;
LayerSetCharOffsets       Main CharList OffsetList;
LayerSetAscentPadding     Main 0;
LayerSetLineSpacingOffset Main 0;
LayerSetPointSize         Main 13;

SetDefaultPointSize  13;
