Define CharList
 ( 'A', 'B', 'C', 'D', 'E', 'F', 'G', 'H', 'I', 'J', 'K', 'L', 'M', 'N', 'O', 'P',
   'Q', 'R', 'S', 'T', 'U', 'V', 'W', 'X', 'Y', 'Z', 'a', 'b', 'c', 'd', 'e', 'f',
   'g', 'h', 'i', 'j', 'k', 'l', 'm', 'n', 'o', 'p', 'q', 'r', 's', 't', 'u', 'v',
   'w', 'x', 'y', 'z', '0', '1', '2', '3', '4', '5', '6', '7', '8', '9', '~', '`',
   '!', '@', '#', '$', '%', '^', '&', '*', '(', ')', '-', '_', '=', '+', '[', '{',
   ']', '}', ';', ':',"'", '"', ',', '<', '.', '>', '/', '?');

Define WidthList
 (  13,  13,  11,  13,  12,  11,  13,  14,   4,   7,  12,  11,  17,  13,  13,  13,
    13,  13,  12,  10,  13,  13,  17,  12,  11,  11,  12,  12,  11,  12,  12,   6,
    12,  12,   4,   4,  10,   4,  15,  12,  12,  12,  12,   7,  10,   6,  12,  12,
    15,  11,  12,  12,  13,   4,  14,  13,  14,  14,  14,  12,  14,  13,  10,   4,
     5,  12,  11,  11,  14,   6,  13,   7,   5,   5,   8,  13,   8,   6,   4,   4,
     4,   4,   3,   4,   4,   6,   3,   7,   4,   7,  10,  10);

Define RectList
 ( (   0,  0, 13, 16), (  14,  0, 10, 16), (  25,  0, 10, 16), (  36,  0, 10, 16),
   (  47,  0, 10, 16), (  58,  0, 10, 16), (  69,  0, 11, 16), (  81,  0, 11, 16),
   (  93,  0,  2, 16), (  96,  0,  6, 16), ( 103,  0, 10, 16), ( 114,  0, 11, 16),
   ( 126,  0, 14, 16), ( 141,  0, 10, 16), ( 152,  0, 10, 16), ( 163,  0, 11, 16),
   ( 175,  0, 10, 16), ( 186,  0, 11, 16), ( 198,  0, 11, 16), ( 210,  0, 10, 16),
   ( 221,  0, 10, 16), ( 232,  0, 14, 16), ( 247,  0, 17, 16), ( 265,  0, 11, 16),
   ( 277,  0, 12, 16), ( 290,  0, 11, 16), ( 302,  0, 10, 16), ( 313,  0,  9, 16),
   ( 323,  0,  9, 16), ( 333,  0,  9, 16), ( 343,  0, 10, 16), ( 354,  0,  5, 16),
   ( 360,  0,  9, 16), ( 370,  0,  9, 16), ( 380,  0,  2, 16), ( 383,  0,  5, 16),
   ( 389,  0,  9, 16), ( 399,  0,  2, 16), ( 402,  0, 13, 16), ( 416,  0,  9, 16),
   ( 426,  0,  9, 16), ( 436,  0,  9, 16), ( 446,  0,  9, 16), ( 456,  0,  5, 16),
   ( 462,  0, 10, 16), ( 473,  0,  7, 16), ( 481,  0,  9, 16), ( 491,  0, 12, 16),
   ( 504,  0, 14, 16), ( 519,  0, 10, 16), ( 530,  0,  9, 16), ( 540,  0, 11, 16),
   ( 552,  0, 10, 16), ( 563,  0,  2, 16), ( 566,  0, 11, 16), ( 578,  0, 12, 16),
   ( 591,  0, 12, 16), ( 604,  0, 12, 16), ( 617,  0, 12, 16), ( 630,  0, 12, 16),
   ( 643,  0, 11, 16), ( 655,  0, 11, 16), ( 667,  0, 10, 16), ( 678,  0,  4, 16),
   ( 683,  0,  2, 16), ( 686,  0,  9, 16), ( 696,  0, 10, 16), ( 707,  0, 10, 16),
   ( 718,  0, 13, 16), ( 732,  0,  6, 16), ( 739,  0, 12, 16), ( 752,  0,  7, 16),
   ( 760,  0,  2, 16), ( 763,  0,  2, 16), ( 766,  0,  7, 16), ( 774,  0, 12, 16),
   ( 787,  0,  7, 16), ( 795,  0,  6, 16), ( 802,  0,  2, 16), ( 805,  0,  3, 16),
   ( 809,  0,  2, 16), ( 812,  0,  3, 16), ( 816,  0,  3, 16), ( 820,  0,  2, 16),
   ( 823,  0,  2, 16), ( 826,  0,  3, 16), ( 830,  0,  3, 16), ( 834,  0,  7, 16),
   ( 842,  0,  3, 16), ( 846,  0,  7, 16), ( 854,  0, 10, 16), ( 865,  0,  8, 16));

Define OffsetList
 ( ( 0, 0), ( 1, 0), ( 1, 0), ( 1, 0), ( 1, 0), ( 1, 0), ( 1, 0), ( 1, 0),
   ( 1, 0), (-1, 0), ( 1, 0), ( 1, 0), ( 1, 0), ( 1, 0), ( 1, 0), ( 1, 0),
   ( 1, 0), ( 1, 0), ( 0, 0), ( 0, 0), ( 1, 0), (-1, 0), ( 0, 0), ( 0, 0),
   (-1, 0), ( 0, 0), ( 0, 0), ( 1, 0), ( 1, 0), ( 1, 0), ( 1, 0), ( 1, 0),
   ( 1, 0), ( 1, 0), ( 0, 0), (-2, 0), ( 1, 0), ( 1, 0), ( 1, 0), ( 1, 0),
   ( 1, 0), ( 1, 0), ( 1, 0), ( 1, 0), ( 0, 0), (-1, 0), ( 1, 0), (-1, 0),
   ( 0, 0), ( 0, 0), ( 1, 0), ( 0, 0), ( 1, 0), ( 1, 0), ( 1, 0), (-1, 0),
   ( 0, 0), ( 0, 0), ( 1, 0), (-1, 0), ( 1, 0), ( 0, 0), ( 0, 0), (-1, 0),
   ( 1, 0), ( 1, 0), ( 0, 0), ( 0, 0), ( 0, 0), ( 0, 0), ( 0, 0), ( 0, 0),
   ( 1, 0), ( 2, 0), ( 0, 0), ( 0, 0), ( 0, 0), (-1, 0), ( 1, 0), (-1, 0),
   ( 0, 0), ( 1, 0), ( 0, 0), ( 1, 0), ( 1, 0), ( 1, 0), ( 0, 0), (-1, 0),
   ( 0, 0), ( 0, 0), ( 0, 0), ( 0, 0));

Define KerningPairs
 ("0V","0W","0Y","AL","AT","AV","AW","AY","Av","ET","EV","EW","EY","LA","LV","LW",
  "LY","OV","OW","OY","ST","SV","SW","SY","TA","Ta","Te","Tg","To","Tu","Ty","V0",
  "VA","VO","Va","Ve","Vg","Vo","Vu","Vy","W0","WA","WO","Wa","We","Wg","Wo","Wu",
  "Wy","Y0","YA","YO","Ya","Ye","Yg","Yo","Yu","Yy","ev","gv","ov","ta","vA","va",
  "ve");

Define KerningValues
 (  -1,  -1,  -1,  -1,  -1,  -2,  -2,  -2,  -1,  -2,  -1,  -1,  -1,   1,  -2,  -2,
    -2,  -1,  -1,  -1,  -2,  -1,  -1,  -1,  -2,  -2,  -1,  -2,  -2,  -1,  -1,  -1,
    -2,  -1,  -2,  -1,  -1,  -1,  -1,  -1,  -1,  -2,  -1,  -2,  -1,  -1,  -1,  -1,
    -1,  -1,  -2,  -1,  -2,  -1,  -1,  -1,  -1,  -1,  -1,  -1,  -1,  -1,  -2,  -1,
    -1);

CreateLayer               Main;
LayerSetImage             Main 'NeuropolX16Bold';
LayerSetAscent            Main 13;
LayerSetCharWidths        Main CharList WidthList;
LayerSetCharWidths        Main (' ') (5);
LayerSetKerningPairs      Main KerningPairs KerningValues;
LayerSetImageMap          Main CharList RectList;
LayerSetCharOffsets       Main CharList OffsetList;
LayerSetAscentPadding     Main 0;
LayerSetLineSpacingOffset Main 0;
LayerSetPointSize         Main 16;

SetDefaultPointSize  16;
