Define CharList
 ( 'A', 'B', 'C', 'D', 'E', 'F', 'G', 'H', 'I', 'J', 'K', 'L', 'M', 'N', 'O', 'P',
   'Q', 'R', 'S', 'T', 'U', 'V', 'W', 'X', 'Y', 'Z', 'a', 'b', 'c', 'd', 'e', 'f',
   'g', 'h', 'i', 'j', 'k', 'l', 'm', 'n', 'o', 'p', 'q', 'r', 's', 't', 'u', 'v',
   'w', 'x', 'y', 'z', '0', '1', '2', '3', '4', '5', '6', '7', '8', '9', '~', '`',
   '!', '@', '#', '$', '%', '^', '&', '*', '(', ')', '-', '_', '=', '+', '[', '{',
   ']', '}', ';', ':',"'", '"', ',', '<', '.', '>', '/', '?');

Define WidthList
 (  17,  16,  15,  17,  15,  15,  17,  18,   6,   8,  15,  15,  22,  17,  17,  16,
    17,  16,  15,  13,  17,  17,  22,  15,  15,  14,  15,  15,  14,  15,  15,   8,
    15,  15,   5,   6,  13,   6,  20,  15,  15,  15,  15,   8,  13,   8,  15,  15,
    19,  14,  15,  15,  17,  16,  18,  16,  18,  17,  18,  15,  17,  17,  13,   5,
     6,  15,  14,  14,  19,   8,  16,   9,   7,   7,  11,  17,  11,   7,   6,   5,
     6,   5,   4,   6,   5,   8,   4,   9,   5,   9,  13,  13);

Define RectList
 ( (   0,  0, 16, 21), (  17,  0, 13, 21), (  31,  0, 12, 21), (  44,  0, 14, 21),
   (  59,  0, 13, 21), (  73,  0, 13, 21), (  87,  0, 14, 21), ( 102,  0, 15, 21),
   ( 118,  0,  2, 21), ( 121,  0,  6, 21), ( 128,  0, 12, 21), ( 141,  0, 13, 21),
   ( 155,  0, 19, 21), ( 175,  0, 14, 21), ( 190,  0, 14, 21), ( 205,  0, 14, 21),
   ( 220,  0, 14, 21), ( 235,  0, 14, 21), ( 250,  0, 13, 21), ( 264,  0, 12, 21),
   ( 277,  0, 14, 21), ( 292,  0, 16, 21), ( 309,  0, 21, 21), ( 331,  0, 14, 21),
   ( 346,  0, 14, 21), ( 361,  0, 13, 21), ( 375,  0, 13, 21), ( 389,  0, 12, 21),
   ( 402,  0, 11, 21), ( 414,  0, 12, 21), ( 427,  0, 12, 21), ( 440,  0,  6, 21),
   ( 447,  0, 12, 21), ( 460,  0, 12, 21), ( 473,  0,  2, 21), ( 476,  0,  6, 21),
   ( 483,  0, 10, 21), ( 494,  0,  2, 21), ( 497,  0, 16, 21), ( 514,  0, 12, 21),
   ( 527,  0, 12, 21), ( 540,  0, 12, 21), ( 553,  0, 12, 21), ( 566,  0,  6, 21),
   ( 573,  0, 12, 21), ( 586,  0,  8, 21), ( 595,  0, 12, 21), ( 608,  0, 14, 21),
   ( 623,  0, 18, 21), ( 642,  0, 13, 21), ( 656,  0, 12, 21), ( 669,  0, 13, 21),
   ( 683,  0, 14, 21), ( 698,  0, 12, 21), ( 711,  0, 15, 21), ( 727,  0, 14, 21),
   ( 742,  0, 16, 21), ( 759,  0, 15, 21), ( 775,  0, 15, 21), ( 791,  0, 15, 21),
   ( 807,  0, 14, 21), ( 822,  0, 15, 21), ( 838,  0, 12, 21), ( 851,  0,  5, 21),
   ( 857,  0,  2, 21), ( 860,  0, 12, 21), ( 873,  0, 13, 21), ( 887,  0, 12, 21),
   ( 900,  0, 17, 21), ( 918,  0,  7, 21), ( 926,  0, 15, 21), ( 942,  0,  8, 21),
   ( 951,  0,  4, 21), ( 956,  0,  4, 21), ( 961,  0,  8, 21), ( 970,  0, 14, 21),
   ( 985,  0,  8, 21), ( 994,  0,  8, 21), ( 1003,  0,  4, 21), ( 1008,  0,  4, 21),
   (1013,  0,  4, 21), (1018,  0,  4, 21), (1023,  0,  3, 21), (1027,  0,  2, 21),
   (1030,  0,  2, 21), (1033,  0,  5, 21), (1039,  0,  3, 21), (1043,  0,  8, 21),
   (1052,  0,  3, 21), (1056,  0,  8, 21), (1065,  0, 12, 21), (1078,  0, 10, 21));

Define OffsetList
 ( ( 0, 0), ( 1, 0), ( 1, 0), ( 1, 0), ( 1, 0), ( 1, 0), ( 1, 0), ( 1, 0),
   ( 1, 0), ( 0, 0), ( 1, 0), ( 1, 0), ( 1, 0), ( 1, 0), ( 1, 0), ( 1, 0),
   ( 1, 0), ( 1, 0), ( 0, 0), ( 0, 0), ( 1, 0), ( 0, 0), ( 0, 0), ( 0, 0),
   ( 0, 0), ( 0, 0), ( 0, 0), ( 1, 0), ( 1, 0), ( 1, 0), ( 1, 0), ( 1, 0),
   ( 1, 0), ( 1, 0), ( 1, 0), (-3, 0), ( 1, 0), ( 1, 0), ( 1, 0), ( 1, 0),
   ( 1, 0), ( 1, 0), ( 1, 0), ( 1, 0), ( 0, 0), ( 0, 0), ( 1, 0), ( 0, 0),
   ( 0, 0), ( 0, 0), ( 1, 0), ( 0, 0), ( 1, 0), ( 1, 0), ( 1, 0), ( 0, 0),
   ( 0, 0), ( 0, 0), ( 1, 0), (-1, 0), ( 1, 0), ( 0, 0), ( 0, 0), (-1, 0),
   ( 1, 0), ( 1, 0), ( 0, 0), ( 1, 0), ( 0, 0), ( 0, 0), ( 0, 0), ( 0, 0),
   ( 1, 0), ( 1, 0), ( 1, 0), ( 1, 0), ( 1, 0), (-1, 0), ( 1, 0), ( 0, 0),
   ( 0, 0), ( 1, 0), ( 0, 0), ( 1, 0), ( 1, 0), ( 1, 0), ( 0, 0), (-1, 0),
   ( 1, 0), ( 0, 0), ( 0, 0), ( 1, 0));

Define KerningPairs
 ("0V","0W","0Y","AL","AT","AV","AW","AY","Av","ET","EV","EW","EY","Ev","L0","LA",
  "LO","LV","LW","LY","OV","OW","OY","ST","SV","SW","SY","Sv","TA","Ta","Te","Tg",
  "To","Tu","Ty","V0","VA","VO","Va","Ve","Vg","Vo","Vu","Vy","W0","WA","WO","Wa",
  "We","Wg","Wo","Wu","Wy","Y0","YA","YO","Ya","Ye","Yg","Yo","Yu","Yy","av","ev",
  "gv","ov","ta","te","vA","va","ve","vg","vo");

Define KerningValues (  -1,  -1,  -1,  -1,  -2,  -2,  -2,  -2,  -2,  -2,  -2,  -2,  -2,  -1,  -1,   1,    -1,  -3,  -3,  -3,  -1,  -1,  -1,  -2,  -2,  -2,  -2,  -1,  -2,  -3,  -2,  -2,    -2,  -1,  -1,  -1,  -2,  -1,  -3,  -2,  -2,  -2,  -1,  -1,  -1,  -2,  -1,  -3,    -2,  -2,  -2,  -1,  -1,  -1,  -2,  -1,  -3,  -2,  -2,  -2,  -1,  -1,  -1,  -1,    -1,  -1,  -2,  -1,  -2,  -1,  -1,  -1,  -1);

CreateLayer               Main;
LayerSetImage             Main 'NeuropolX20Bold';
LayerSetAscent            Main 17;
LayerSetCharWidths        Main CharList WidthList;
LayerSetCharWidths        Main (' ') (6);
LayerSetKerningPairs      Main KerningPairs KerningValues;
LayerSetImageMap          Main CharList RectList;
LayerSetCharOffsets       Main CharList OffsetList;
LayerSetAscentPadding     Main 0;
LayerSetLineSpacingOffset Main 0;
LayerSetPointSize         Main 20;

SetDefaultPointSize  20;
