Define CharList
 ( 'A', 'B', 'C', 'D', 'E', 'F', 'G', 'H', 'I', 'J', 'K', 'L', 'M', 'N', 'O', 'P',
   'Q', 'R', 'S', 'T', 'U', 'V', 'W', 'X', 'Y', 'Z', 'a', 'b', 'c', 'd', 'e', 'f',
   'g', 'h', 'i', 'j', 'k', 'l', 'm', 'n', 'o', 'p', 'q', 'r', 's', 't', 'u', 'v',
   'w', 'x', 'y', 'z', '-', '/', '#');

Define WidthList
 (  26,  25,  22,  26,  23,  22,  25,  27,   8,  12,  23,  22,  34,  26,  26,  25,
    26,  24,  23,  20,  26,  26,  34,  23,  22,  22,  23,  23,  20,  23,  23,  11,
    23,  23,   7,   8,  19,   7,  30,  23,  23,  23,  23,  12,  20,  12,  23,  23,
    28,  21,  23,  22,  17,  20,  21);

Define RectList
 ( (   0,  0, 25, 29), (  26,  0, 20, 29), (  47,  0, 18, 29), (  66,  0, 21, 29),
   (  88,  0, 19, 29), ( 108,  0, 19, 29), ( 128,  0, 21, 29), ( 150,  0, 22, 29),
   ( 173,  0,  2, 29), ( 176,  0,  9, 29), ( 186,  0, 18, 29), ( 205,  0, 19, 29),
   ( 225,  0, 29, 29), ( 255,  0, 21, 29), ( 277,  0, 21, 29), ( 299,  0, 22, 29),
   ( 322,  0, 21, 29), ( 344,  0, 21, 29), ( 366,  0, 20, 29), ( 387,  0, 20, 29),
   ( 408,  0, 21, 29), ( 430,  0, 25, 29), ( 456,  0, 33, 29), ( 490,  0, 22, 29),
   ( 513,  0, 20, 29), ( 534,  0, 21, 29), ( 556,  0, 19, 29), ( 576,  0, 18, 29),
   ( 595,  0, 16, 29), ( 612,  0, 18, 29), ( 631,  0, 18, 29), ( 650,  0,  8, 29),
   ( 659,  0, 18, 29), ( 678,  0, 18, 29), ( 697,  0,  4, 29), ( 702,  0,  9, 29),
   ( 712,  0, 15, 29), ( 728,  0,  2, 29), ( 731,  0, 25, 29), ( 757,  0, 18, 29),
   ( 776,  0, 18, 29), ( 795,  0, 18, 29), ( 814,  0, 18, 29), ( 833,  0,  8, 29),
   ( 842,  0, 17, 29), ( 860,  0, 11, 29), ( 872,  0, 18, 29), ( 891,  0, 22, 29),
   ( 914,  0, 28, 29), ( 943,  0, 18, 29), ( 962,  0, 18, 29), ( 981,  0, 20, 29),
   (1002,  0, 12, 29), (1015,  0, 19, 29), (1035,  0, 20, 29));

Define OffsetList
 ( ( 0, 0), ( 2, 0), ( 2, 0), ( 2, 0), ( 2, 0), ( 2, 0), ( 2, 0), ( 2, 0),
   ( 2, 0), ( 0, 0), ( 2, 0), ( 2, 0), ( 2, 0), ( 2, 0), ( 2, 0), ( 2, 0),
   ( 2, 0), ( 2, 0), ( 1, 0), (-1, 0), ( 2, 0), ( 0, 0), ( 0, 0), ( 0, 0),
   ( 1, 0), ( 0, 0), ( 1, 0), ( 2, 0), ( 2, 0), ( 2, 0), ( 2, 0), ( 2, 0),
   ( 2, 0), ( 2, 0), ( 1, 0), (-3, 0), ( 2, 0), ( 2, 0), ( 2, 0), ( 2, 0),
   ( 2, 0), ( 2, 0), ( 2, 0), ( 2, 0), ( 1, 0), ( 0, 0), ( 2, 0), ( 0, 0),
   ( 0, 0), ( 1, 0), ( 2, 0), ( 1, 0), ( 2, 0), ( 0, 0), ( 0, 0));

Define OutlineRectList
 ( (   0,  0, 33, 29), (  34,  0, 28, 29), (  63,  0, 26, 29), (  90,  0, 29, 29),
   ( 120,  0, 27, 29), ( 148,  0, 27, 29), ( 176,  0, 29, 29), ( 206,  0, 30, 29),
   ( 237,  0, 10, 29), ( 248,  0, 17, 29), ( 266,  0, 26, 29), ( 293,  0, 27, 29),
   ( 321,  0, 37, 29), ( 359,  0, 29, 29), ( 389,  0, 29, 29), ( 419,  0, 30, 29),
   ( 450,  0, 29, 29), ( 480,  0, 29, 29), ( 510,  0, 28, 29), ( 539,  0, 28, 29),
   ( 568,  0, 29, 29), ( 598,  0, 33, 29), ( 632,  0, 41, 29), ( 674,  0, 30, 29),
   ( 705,  0, 28, 29), ( 734,  0, 29, 29), ( 764,  0, 27, 29), ( 792,  0, 26, 29),
   ( 819,  0, 24, 29), ( 844,  0, 26, 29), ( 871,  0, 26, 29), ( 898,  0, 16, 29),
   ( 915,  0, 26, 29), ( 942,  0, 26, 29), ( 969,  0, 12, 29), ( 982,  0, 17, 29),
   (1000,  0, 23, 29), (1024,  0, 10, 29), (1035,  0, 33, 29), (1069,  0, 26, 29),
   (1096,  0, 26, 29), (1123,  0, 26, 29), (1150,  0, 26, 29), (1177,  0, 16, 29),
   (1194,  0, 25, 29), (1220,  0, 19, 29), (1240,  0, 26, 29), (1267,  0, 30, 29),
   (1298,  0, 36, 29), (1335,  0, 26, 29), (1362,  0, 26, 29), (1389,  0, 28, 29),
   (1418,  0, 20, 29), (1439,  0, 27, 29), (1467,  0, 28, 29));

Define OutlineOffsetList
 ( (-4, 0), (-2, 0), (-2, 0), (-2, 0), (-2, 0), (-2, 0), (-2, 0), (-2, 0),
   (-2, 0), (-4, 0), (-2, 0), (-2, 0), (-2, 0), (-2, 0), (-2, 0), (-2, 0),
   (-2, 0), (-2, 0), (-3, 0), (-5, 0), (-2, 0), (-4, 0), (-4, 0), (-4, 0),
   (-3, 0), (-4, 0), (-3, 0), (-2, 0), (-2, 0), (-2, 0), (-2, 0), (-2, 0),
   (-2, 0), (-2, 0), (-3, 0), (-7, 0), (-2, 0), (-2, 0), (-2, 0), (-2, 0),
   (-2, 0), (-2, 0), (-2, 0), (-2, 0), (-3, 0), (-4, 0), (-2, 0), (-4, 0),
   (-4, 0), (-3, 0), (-2, 0), (-3, 0), (-2, 0), (-4, 0), (-4, 0));

Define KerningPairs
 ("AL","AT","AV","AW","AY","Av","ET","EV","EW","EY","Ev","LA","LO","LV","LW","LY",
  "Lg","Lo","OV","OW","OY","ST","SV","SW","SY","Sv","TA","Ta","Te","Tg","To","Tu",
  "Ty","VA","VO","VS","Va","Ve","Vg","Vo","Vu","Vy","WA","WO","WS","Wa","We","Wg",
  "Wo","Wu","Wy","YA","YO","YS","Ya","Ye","Yg","Yo","Yu","Yy","av","ev","gv","ov",
  "ta","te","vA","va","ve","vg","vo");

Define KerningValues
 (  -2,  -3,  -4,  -4,  -4,  -3,  -4,  -3,  -3,  -3,  -1,   1,  -1,  -4,  -4,  -4,
    -1,  -1,  -2,  -2,  -2,  -4,  -3,  -3,  -3,  -1,  -3,  -4,  -3,  -3,  -3,  -2,
    -2,  -4,  -2,  -1,  -4,  -3,  -3,  -3,  -2,  -2,  -4,  -2,  -1,  -4,  -3,  -3,
    -3,  -2,  -2,  -4,  -2,  -1,  -4,  -3,  -3,  -3,  -2,  -2,  -1,  -2,  -1,  -1,
    -3,  -1,  -3,  -2,  -1,  -1,  -1);

CreateLayer               Main;
LayerSetImage             Main 'NeuropolX30';
LayerSetAscent            Main 21;
LayerSetCharWidths        Main CharList WidthList;
LayerSetCharWidths        Main (' ') (10);
LayerSetKerningPairs      Main KerningPairs KerningValues;
LayerSetImageMap          Main CharList RectList;
LayerSetCharOffsets       Main CharList OffsetList;
LayerSetAscentPadding     Main 0;
LayerSetLineSpacingOffset Main -10;
LayerSetPointSize         Main 30;


CreateLayer               Outline;
LayerSetImage             Outline 'NeuropolX30outline';
LayerSetAscent            Outline 21;
LayerSetCharWidths        Outline CharList WidthList;
LayerSetCharWidths        Outline (' ') (10);
LayerSetKerningPairs      Outline KerningPairs KerningValues;
LayerSetImageMap          Outline CharList OutlineRectList;
LayerSetCharOffsets       Outline CharList OutlineOffsetList;
LayerSetAscentPadding     Outline 0;
LayerSetLineSpacingOffset Outline -10;
LayerSetPointSize         Outline 30;
LayerSetColorMult	  Outline (0,0,0,1);
LayerSetBaseOrder         Outline -1;

SetDefaultPointSize  30;
