      
Define CharList
 ( '!', '"', '#', '$', '%', '&', "'", '(', ')', '*', '+', ',', '-', '.', '/', '0', 
   '1', '2', '3', '4', '5', '6', '7', '8', '9', ':', ';', '<', '=', '>', '?', '@', 
   'A', 'B', 'C', 'D', 'E', 'F', 'G', 'H', 'I', 'J', 'K', 'L', 'M', 'N', 'O', 'P', 
   'Q', 'R', 'S', 'T', 'U', 'V', 'W', 'X', 'Y', 'Z', '[', '\\', ']', '^', '_', '`', 
   'a', 'b', 'c', 'd', 'e', 'f', 'g', 'h', 'i', 'j', 'k', 'l', 'm', 'n', 'o', 'p', 
   'q', 'r', 's', 't', 'u', 'v', 'w', 'x', 'y', 'z', '{', '|', '}', '~');    

Define WidthList
 (   2,   4,   5,   6,   7,   7,   2,   4,   4,   4,   6,   2,   3,   2,   4,   5,  
     3,   5,   5,   6,   5,   5,   5,   5,   5,   2,   2,   4,   5,   4,   6,   9,  
     8,   5,   6,   6,   6,   5,   6,   6,   2,   5,   6,   5,   8,   6,   6,   5,   
     6,   7,   5,   6,   6,   8,  10,   6,   6,   7,   3,   4,   3,   4,   6,   3,   
     5,   5,   5,   5,   5,   5,   5,   5,   2,   3,   5,   2,   8,   5,   5,   5,   
     5,   4,   5,   4,   5,   6,   6,   5,   6,   4,   4,   2,   4,   5);

Define RectList
 ( ( 522,  0,  1,  9), ( 679,  0,  3,  9), ( 539,  0,  4,  9), ( 547,  0,  5,  9), 
   ( 555,  0,  6,  9), ( 571,  0,  6,  9), ( 674,  0,  1,  9), ( 587,  0,  3,  9), 
   ( 592,  0,  3,  9), ( 580,  0,  3,  9), ( 620,  0,  5,  9), ( 685,  0,  1,  9), 
   ( 598,  0,  2,  9), ( 699,  0,  1,  9), ( 712,  0,  3,  9), ( 430,  0,  4,  9), 
   ( 438,  0,  2,  9), ( 445,  0,  4,  9), ( 453,  0,  4,  9), ( 461,  0,  5,  9), 
   ( 469,  0,  4,  9), ( 476,  0,  4,  9), ( 484,  0,  4,  9), ( 492,  0,  4,  9), 
   ( 500,  0,  4,  9), ( 669,  0,  1,  9), ( 663,  0,  1,  9), ( 691,  0,  3,  9), 
   ( 612,  0,  4,  9), ( 705,  0,  3,  9), ( 717,  0,  5,  9), ( 528,  0,  8,  9), 
   (   0,  0,  7,  9), (  10,  0,  4,  9), (  19,  0,  5,  9), (  28,  0,  5,  9), 
   (  38,  0,  5,  9), (  47,  0,  4,  9), (  56,  0,  5,  9), (  66,  0,  5,  9), 
   (  75,  0,  1,  9), (  80,  0,  4,  9), (  89,  0,  5,  9), (  98,  0,  4,  9), 
   ( 105,  0,  7,  9), ( 115,  0,  5,  9), ( 125,  0,  5,  9), ( 135,  0,  4,  9), 
   ( 144,  0,  5,  9), ( 154,  0,  6,  9), ( 163,  0,  4,  9), ( 171,  0,  5,  9), 
   ( 180,  0,  5,  9), ( 189,  0,  7,  9), ( 198,  0,  9,  9), ( 209,  0,  5,  9), 
   ( 218,  0,  5,  9), ( 227,  0,  6,  9), ( 628,  0,  2,  9), ( 651,  0,  3,  9), 
   ( 639,  0,  2,  9), ( 565,  0,  3,  9), ( 604,  0,  5,  9), ( 515,  0,  2,  9), 
   ( 236,  0,  4,  9), ( 244,  0,  4,  9), ( 251,  0,  4,  9), ( 259,  0,  4,  9), 
   ( 267,  0,  4,  9), ( 275,  0,  4,  9), ( 282,  0,  4,  9), ( 289,  0,  4,  9), 
   ( 297,  0,  1,  9), ( 301,  0,  2,  9), ( 307,  0,  4,  9), ( 315,  0,  1,  9), 
   ( 319,  0,  7,  9), ( 330,  0,  4,  9), ( 338,  0,  4,  9), ( 346,  0,  4,  9), 
   ( 354,  0,  4,  9), ( 361,  0,  3,  9), ( 367,  0,  4,  9), ( 374,  0,  3,  9), 
   ( 381,  0,  4,  9), ( 389,  0,  5,  9), ( 397,  0,  5,  9), ( 406,  0,  4,  9), 
   ( 414,  0,  5,  9), ( 423,  0,  3,  9), ( 633,  0,  3,  9), ( 657,  0,  1,  9), 
   ( 645,  0,  3,  9), ( 508,  0,  4,  9));

CreateLayer          Main;
LayerSetImage        Main '../images/tinyfont';
LayerSetAscent       Main 7;
LayerSetCharWidths   Main CharList WidthList;
LayerSetCharWidths   Main (' ') (2);
LayerSetImageMap     Main CharList RectList;