# 6 12
# A 12 B 10 C 13 D 12 E 10 F 11 G 12 H 13 I 6 J 6 K 12 L 10 M 16 N 13 O 14 P 10 Q 14 R 10 S 10 T 11 U 13 V 14 W 16 X 12 Y 12 Z 11 a 6 b 8 c 7 d 8 e 7 f 7 g 7 h 9 i 5 j 5 k 8 l 6 m 12 n 9 o 8 p 8 q 7 r 6 s 7 t 5 u 8 v 8 w 11 x 8 y 8 z 7 0 9 1 5 2 7 3 8 4 8 5 8 6 9 7 7 8 9 9 7 ` 5 ! 4 @ 14 # 8 $ 7 % 12 & 11 * 7 ( 6 ) 6 + 11 = 9 \ 10 / 10 ' 4 " 5 : 4 ? 6 - 5 . 7 , 7

Define CharList
 ( 'A', 'B', 'C', 'D', 'E', 'F', 'G', 'H', 'I', 'J', 'K', 'L', 'M', 'N', 'O', 'P', 
   'Q', 'R', 'S', 'T', 'U', 'V', 'W', 'X', 'Y', 'Z', 'a', 'b', 'c', 'd', 'e', 'f', 
   'g', 'h', 'i', 'j', 'k', 'l', 'm', 'n', 'o', 'p', 'q', 'r', 's', 't', 'u', 'v', 
   'w', 'x', 'y', 'z', '0', '1', '2', '3', '4', '5', '6', '7', '8', '9', '`', '!', 
   '@', '#', '$', '%', '&', '*', '(', ')', '+', '=', '\\', '/', "'", '"', ':', '?', 
   '-', '.', ',');    

Define WidthList
 ( 12,  10,  13,  12,  10,  11,  12,  13,   6,   6,  12,  10,  16,  13,  14,  10,  
   14,  10,  10,  11,  13,  14,  16,  12,  12,  11,   6,   8,   7,   8,   7,   7,  
    7,   9,   5,   5,   8,   6,  12,   9,   8,   8,   7,   6,   7,   5,   8,   8,  
   11,   8,   8,   7,   9,   5,   7,   8,   8,   8,   9,   7,   9,   7,   5,   4,  
   14,   8,   7,  12,  11,   7,   6,   6,  11,   9,  10,  10,   4,   5,   4,   6,  
    5,   7,   7);  

Define RectList
 ( (   0,  0, 12, 20), (  12,  0, 10, 20), (  22,  0, 13, 20), (  35,  0, 12, 20), 
   (  47,  0, 10, 20), (  57,  0, 11, 20), (  68,  0, 12, 20), (  80,  0, 13, 20), 
   (  93,  0,  6, 20), (  99,  0,  6, 20), ( 105,  0, 12, 20), ( 117,  0, 10, 20), 
   ( 127,  0, 16, 20), ( 143,  0, 13, 20), ( 156,  0, 14, 20), ( 170,  0, 10, 20), 
   ( 180,  0, 14, 20), ( 194,  0, 10, 20), ( 204,  0, 10, 20), ( 214,  0, 11, 20), 
   ( 225,  0, 13, 20), ( 238,  0, 14, 20), ( 252,  0, 16, 20), ( 268,  0, 12, 20), 
   ( 280,  0, 12, 20), ( 292,  0, 11, 20), ( 303,  0,  6, 20), ( 309,  0,  8, 20), 
   ( 317,  0,  7, 20), ( 324,  0,  8, 20), ( 332,  0,  7, 20), ( 339,  0,  7, 20), 
   ( 346,  0,  7, 20), ( 353,  0,  9, 20), ( 362,  0,  5, 20), ( 367,  0,  5, 20), 
   ( 372,  0,  8, 20), ( 380,  0,  6, 20), ( 386,  0, 12, 20), ( 398,  0,  9, 20), 
   ( 407,  0,  8, 20), ( 415,  0,  8, 20), ( 423,  0,  7, 20), ( 430,  0,  6, 20), 
   ( 436,  0,  7, 20), ( 443,  0,  5, 20), ( 448,  0,  8, 20), ( 456,  0,  8, 20), 
   ( 464,  0, 11, 20), ( 475,  0,  8, 20), ( 483,  0,  8, 20), ( 491,  0,  7, 20), 
   ( 498,  0,  9, 20), ( 507,  0,  5, 20), ( 512,  0,  7, 20), ( 519,  0,  8, 20), 
   ( 527,  0,  8, 20), ( 535,  0,  8, 20), ( 543,  0,  9, 20), ( 552,  0,  7, 20), 
   ( 559,  0,  9, 20), ( 568,  0,  7, 20), ( 575,  0,  5, 20), ( 580,  0,  4, 20), 
   ( 584,  0, 14, 20), ( 598,  0,  8, 20), ( 606,  0,  7, 20), ( 613,  0, 12, 20), 
   ( 625,  0, 11, 20), ( 636,  0,  7, 20), ( 643,  0,  6, 20), ( 649,  0,  6, 20), 
   ( 655,  0, 11, 20), ( 666,  0,  9, 20), ( 675,  0, 10, 20), ( 685,  0, 10, 20), 
   ( 695,  0,  4, 20), ( 699,  0,  5, 20), ( 704,  0,  4, 20), ( 708,  0,  6, 20), 
   ( 714,  0,  5, 20), ( 719,  0,  7, 20), ( 726,  0,  7, 20));

CreateLayer          Main;
LayerSetImage        Main '../images/whitefontsmall';
LayerSetAscent       Main 12;
LayerSetCharWidths   Main CharList WidthList;
LayerSetCharWidths   Main (' ') (6);
LayerSetImageMap     Main CharList RectList;
