001 02 110011 110011 001100 001100 110011 110011 1060 03 222222 233332 232232 232232 233332 222222  070 03 444444 455554 455554 455554 455554 444444  080 03 400004 040040 004400 004400 040040 400004  092 04 777777 722227 727727 727727 722227 777777  001 03 006600 006600 666666 666666 006600 006600 2007 05 222222 200002 203302 203302 200002 222222  125 07 222222 666666 222222 666666 222222 666666 
060 03 222222 233332 232232 232232 233332 222222  070 03 444444 455554 455554 455554 455554 444444  080 03 400004 040040 004400 004400 040040 400004  092 04 777777 722227 727727 727727 722227 777777  001 03 006600 006600 666666 666666 006600 006600 2007 05 222222 200002 203302 203302 200002 222222  125 07 222222 666666 222222 666666 222222 666666 
070 03 444444 455554 455554 455554 455554 444444  080 03 400004 040040 004400 004400 040040 400004  092 04 777777 722227 727727 727727 722227 777777  001 03 006600 006600 666666 666666 006600 006600 2007 05 222222 200002 203302 203302 200002 222222  125 07 222222 666666 222222 666666 222222 666666 
080 03 400004 040040 004400 004400 040040 400004  092 04 777777 722227 727727 727727 722227 777777  001 03 006600 006600 666666 666666 006600 006600 2007 05 222222 200002 203302 203302 200002 222222  125 07 222222 666666 222222 666666 222222 666666 
092 04 777777 722227 727727 727727 722227 777777  001 03 006600 006600 666666 666666 006600 006600 2007 05 222222 200002 203302 203302 200002 222222  125 07 222222 666666 222222 666666 222222 666666 
001 03 006600 006600 666666 666666 006600 006600 2007 05 222222 200002 203302 203302 200002 222222  125 07 222222 666666 222222 666666 222222 666666 
007 05 222222 200002 203302 203302 200002 222222  125 07 222222 666666 222222 666666 222222 666666 
125 07 222222 666666 222222 666666 222222 666666 
218 05 114411 114411 445544 445544 114411 114411
081 04 600000 660000 666000 666600 666660 666666 
094 06 222222 222222 666666 666666 777777 777777 3573 08 344443 444444 443344 443344 444444 344443 
573 08 344443 444444 443344 443344 444444 344443 
837 05 000000 333333 444444 444444 333333 000000 
512 07 125521 125521 125521 125521 125521 125521 
055 05 660066 633336 033330 033330 633336 660066 
852 08 666666 600006 606606 606006 606666 600000 4276 76 444444 422224 42GO24 42OO24 422224 444444 
276 76 444444 422224 42GO24 42OO24 422224 444444 
828 36 222222 262622 226262 262622 226262 222222 
587 51 660066 606606 06GO60 06OO60 606606 660066 
680 16 515151 515151 515151 515151 515151 515151 
013 22 666666 622226 622226 622HP6 622PP6 666666 5843 15 003400 003400 333433 444444 003400 003400 
843 15 003400 003400 333433 444444 003400 003400 
625 16 000000 111111 001100 401104 401104 401104 
797 20 444444 111114 444414 111414 441414 141414 
777 22 444444 044440 004400 003300 033330 333333 
094 39 003300 034430 34GO43 34OO43 034430 003300 6158 73 623346 463462 34DL33 33LL43 264364 643326 
158 73 623346 463462 34DL33 33LL43 264364 643326 
272 27 GO4433 OO4335 444355 433352 335552 355222 
792 30 350673 745645 66HP50 05PP66 546547 376053 
419 44 267762 626626 76HP67 76PP67 626626 267762 
058 32 262777 626277 262627 726262 772626 777262 7203 34 004433 004433 444444 444444 334400 334400 
203 34 004433 004433 444444 444444 334400 334400 
105 48 666661 611161 616161 666161 111161 166661 
021 51 444444 111111 222222 444444 111111 222222 
139 68 555600 556000 560006 600065 000655 006555 
025 33 224422 241142 411114 411114 241142 224422 8418 35 262262 666666 26CK62 26KK62 666666 262262 
418 35 262262 666666 26CK62 26KK62 666666 262262 
845 48 666111 622211 626621 126626 112226 111666 
540 40 000003 033303 03EM03 03MM03 030003 033333 
682 37 161616 616161 161616 616161 161616 616161 
068 49 226622 262262 62CK26 62KK26 262262 226622 9321 95 226600 226600 226600 226600 226600 226600 
321 95 226600 226600 226600 226600 226600 226600 
515 70 000000 000000 663466 664366 111111 111111 
002 61 662266 626626 266662 266662 626626 662266 
270 70 666666 660066 600226 600226 662266 666666 
516 48 004444 000444 000144 001114 011111 111111 1796 55 000333 000333 000333 111444 111444 111444 
796 55 000333 000333 000333 111444 111444 111444 
300 66 333333 000000 444444 555555 555555 555555 
077 72 777777 722227 726627 726627 722627 777727 
627 73 000222 000222 000222 000555 000555 000555 
519 80 222000 222666 222000 666666 000000 666666 1779 84 222222 222222 333333 333333 444444 444444 
779 84 222222 222222 333333 333333 444444 444444 
793 68 666666 660066 600006 600006 660066 666666 
901 99 262222 666766 262222 676666 222222 666666 
297 99 620026 260062 000000 000000 260062 620026 
004 42 000000 333333 444444 111111 222222 555555 1273 54 111444 111444 11AI44 44II11 444111 444111 
273 54 111444 111444 11AI44 44II11 444111 444111 
702 57 443300 443300 336633 336633 003344 003344 
861 62 222622 226762 267676 676267 762226 622222 
625 62 034122 034112 034411 034411 034112 034122 
754 43 033443 334433 344330 443300 433005 330055 1157 52 666666 644446 641146 641146 644446 666666 
157 52 666666 644446 641146 641146 644446 666666 
937 71 727272 262627 726262 262627 726262 272727 
159 84 461164 646646 16BJ61 16JJ61 646646 461164 
112 99 060606 666660 06GO66 66OO60 066666 606060 
163 89 426624 224422 642246 642246 224422 426624 1048 85 224422 223322 430034 430034 223322 224422 
048 85 224422 223322 430034 430034 223322 224422 
245 75 034125 034125 666666 666666 521430 521430 
049 80 026620 326623 426624 126621 726627 526625 
799 99 232521 027242 262327 720262 242723 125202 
627 99 522552 055005 300330 433443 144114 211221 1654 99 430034 321123 01GO10 01OO10 321123 430034 
654 99 430034 321123 01GO10 01OO10 321123 430034 
948 99 227711 227711 55AI44 55II44 660033 660033 
031 99 114411 143341 430034 305503 05CK50 52KK25 
617 99 277622 762776 277622 762776 277622 762776 
274 99 430527 166661 76CK64 26KK63 566660 034125 1288 99 034125 666666 521430 666666 034125 666666 
288 99 034125 666666 521430 666666 034125 666666 
427 99 552714 527143 271430 714305 143056 430566 
124 99 067606 646362 561606 606165 263646 606760 
218 99 430524 243543 55AI30 03II55 345342 425034 
714 99 111424 222323 525020 020525 323222 424111 1070 99 341771 417227 177227 7CK771 7KK714 177143 
070 99 341771 417227 177227 7CK771 7KK714 177143 
909 99 143052 266661 565264 034163 666660 034125 
732 99 430034 354353 03AI40 04II30 353453 430034 
011 99 672143 767213 276721 127672 412767 341276 
273 99 552114 552144 00GO33 33OO00 441255 411255 1607 99 504305 031430 34BJ14 41JJ43 034130 503405 
607 99 504305 031430 34BJ14 41JJ43 034130 503405 
075 99 767676 676767 767676 034125 034125 034125 
266 99 2143AI 2143II 521433 521144 552211 055522 
069 99 754177 764165 11CK44 44KK11 561467 771457 
576 99 616161 171716 617171 171716 617171 161616 1533 99 333332 44CK24 11KK21 777772 552552 002200 
533 99 333332 44CK24 11KK21 777772 552552 002200 
621 99 003430 034143 341214 412521 125052 250305 
226 99 330066 440066 44EM00 11MM00 221443 721443 
328 99 555555 522222 521111 521444 521433 521430 
998 99 666636 655056 636666 333033 666560 536565 2993 99 050505 323232 414141 141414 232323 505050 
993 99 050505 323232 414141 141414 232323 505050 
385 99 446666 421116 32FN16 32NN16 022224 003344 
555 99 464646 672724 421276 672124 427276 646464 
934 99 126034 225634 655064 060036 336334 444644 
