
Define Charlist
 ('A', 'B', 'C', 'D', 'E', 'F', 'G', 'H', 'I', 'J', 'K', 'L', 'M', 'N', 'O', 'P', 'Q', 'R', 'S', 'T', 'U', 'V', 'W', 'X', 'Y', 'Z', 
  'a', 'b', 'c', 'd', 'e', 'f', 'g', 'h', 'i', 'j', 'k', 'l', 'm', 'n', 'o', 'p', 'q', 'r', 's', 't', 'u', 'v', 'w', 'x', 'y', 'z', '0', 
  '1', '2', '3', '4', '5', '6', '7', '8', '9', '~', '`', '!', '@', '#', '$', '%', '^', '&', '*', '(', ')', '-', '_', '=', '+', '[', '{', 
  ']', '}', '\\', '|', ';', ':', "'", '"', ',', '<', '.', '>', '/', '?' );

Define WidthList
 (14, 14, 14, 14, 14, 14, 14, 14, 6, 14, 14, 14, 14, 14, 14, 14, 14, 14, 14, 14, 14, 14, 14, 14, 14, 14, 
  14, 14, 14, 14, 14, 14, 14, 14, 6, 14, 14, 14, 14, 14, 14, 14, 14, 14, 14, 14, 14, 14, 14, 14, 14, 14, 13, 
  10, 14, 14, 14, 14, 14, 14, 14, 14, 11, 12, 6, 13, 12, 12, 12, 12, 13, 12, 6, 5, 8, 12, 12, 7, 6, 6, 
  5, 5, 12, 12, 5, 6, 5, 11, 5, 12, 6, 12, 12, 14 );

Define RectList
 ((0,0,14,12) , (18,0,14,12) , (35,0,14,12) , (53,0,14,12) , (70,0,14,12) , (88,0,14,12) , (106,0,14,12) , (123,0,14,12) , (141,0,6,12) , (150,0,14,12) , (168,0,14,12) , (186,0,14,12) , (203,0,14,12) , (221,0,14,12) , (238,0,14,12) , (256,0,14,12) , (274,0,14,12) , (291,0,14,12) , (309,0,14,12) , (326,0,14,12) , (344,0,14,12) , (362,0,14,12) , (379,0,14,12) , (397,0,14,12) , (414,0,14,12) , (432,0,14,12) , 
  (450,0,14,12) , (467,0,14,12) , (485,0,14,12) , (502,0,14,12) , (520,0,14,12) , (538,0,14,12) , (555,0,14,12) , (573,0,14,12) , (590,0,6,12) , (600,0,14,12) , (618,0,14,12) , (635,0,14,12) , (653,0,14,12) , (670,0,14,12) , (688,0,14,12) , (706,0,14,12) , (723,0,14,12) , (741,0,14,12) , (758,0,14,12) , (776,0,14,12) , (794,0,14,12) , (811,0,14,12) , (829,0,14,12) , (846,0,14,12) , (864,0,14,12) , (882,0,14,12) , (899,0,13,12) , 
  (917,0,10,12) , (930,0,14,12) , (948,0,14,12) , (966,0,14,12) , (983,0,14,12) , (1001,0,14,12) , (1018,0,14,12) , (1036,0,14,12) , (1054,0,14,12) , (1071,0,11,12) , (1088,0,12,12) , (1101,0,6,12) , (1111,0,13,12) , (1129,0,12,12) , (1145,0,12,12) , (1160,0,12,12) , (1174,0,12,12) , (1188,0,13,12) , (1207,0,12,12) , (1220,0,6,12) , (1230,0,5,12) , (1239,0,8,12) , (1252,0,12,12) , (1267,0,12,12) , (1280,0,7,12) , (1292,0,6,12) , (1301,0,6,12) , 
  (1311,0,5,12) , (1321,0,5,12) , (1330,0,12,12) , (1347,0,12,12) , (1360,0,5,12) , (1370,0,6,12) , (1380,0,5,12) , (1389,0,11,12) , (1405,0,5,12) , (1415,0,12,12) , (1429,0,6,12) , (1440,0,12,12) , (1452,0,12,12) , (1469,0,14,12)  );

CreateLayer Main;
LayerSetImage Main '../images/AtomicFont';
LayerSetImageMap Main CharList RectList;
LayerSetAscent Main 12;
LayerSetCharWidths Main CharList WidthList;
LayerSetCharWidths Main (' ') (5);

