Define Charlist
 ('A', 'B', 'C', 'D', 'E', 'F', 'G', 'H', 'I', 'J', 'K', 'L', 'M', 'N', 'O', 'P', 'Q', 'R', 'S', 'T', 'U', 'V', 'W', 'X', 'Y', 'Z', 
  'a', 'b', 'c', 'd', 'e', 'f', 'g', 'h', 'i', 'j', 'k', 'l', 'm', 'n', 'o', 'p', 'q', 'r', 's', 't', 'u', 'v', 'w', 'x', 'y', 'z', '0', 
  '1', '2', '3', '4', '5', '6', '7', '8', '9', '~', '`', '!', '@', '#', '$', '%', '^', '&', '*', '(', ')', '-', '_', '=', '+', '[', '{', 
  ']', '}', '\\', '|', ';', ':', "'", '"', ',', '<', '.', '>', '/', '?' );

Define WidthList
 (14, 8, 10, 10, 8, 8, 11, 10, 3, 6, 12, 8, 15, 12, 12, 9, 13, 10, 7, 11, 13, 13, 16, 11, 11, 11, 
  7, 9, 7, 8, 7, 8, 8, 8, 3, 3, 8, 3, 13, 8, 9, 9, 9, 6, 5, 8, 8, 10, 12, 9, 10, 8, 11, 
  7, 10, 8, 11, 8, 9, 10, 9, 9, 13, 6, 4, 14, 11, 6, 10, 11, 13, 7, 7, 6, 8, 10, 8, 9, 4, 7, 
  5, 6, 7, 4, 5, 3, 5, 7, 4, 6, 3, 6, 9, 5 );

Define RectList
 ((2,0,14,24) , (22,0,8,24) , (36,0,10,24) , (52,0,10,24) , (69,0,8,24) , (84,0,8,24) , (97,0,11,24) , (115,0,10,24) , (132,0,3,24) , (141,0,6,24) , (154,0,12,24) , (172,0,8,24) , (185,0,15,24) , (205,0,12,24) , (223,0,12,24) , (241,0,9,24) , (256,0,13,24) , (275,0,10,24) , (289,0,7,24) , (302,0,11,24) , (317,0,13,24) , (335,0,13,24) , (352,0,16,24) , (372,0,11,24) , (388,0,11,24) , (403,0,11,24) , 
  (419,0,7,24) , (434,0,9,24) , (446,0,7,24) , (459,0,8,24) , (473,0,7,24) , (486,0,8,24) , (497,0,8,24) , (511,0,8,24) , (526,0,3,24) , (536,0,3,24) , (546,0,8,24) , (560,0,3,24) , (569,0,13,24) , (589,0,8,24) , (603,0,9,24) , (617,0,9,24) , (631,0,9,24) , (646,0,6,24) , (656,0,5,24) , (666,0,8,24) , (679,0,8,24) , (693,0,10,24) , (705,0,12,24) , (722,0,9,24) , (735,0,10,24) , (749,0,8,24) , (763,0,11,24) , 
  (778,0,7,24) , (790,0,10,24) , (805,0,8,24) , (819,0,11,24) , (835,0,8,24) , (847,0,9,24) , (861,0,10,24) , (876,0,9,24) , (891,0,9,24) , (905,0,13,24) , (923,0,6,24) , (937,0,4,24) , (948,0,14,24) , (968,0,11,24) , (984,0,6,24) , (996,0,10,24) , (1014,0,11,24) , (1034,0,13,24) , (1052,0,7,24) , (1063,0,7,24) , (1075,0,6,24) , (1088,0,8,24) , (1101,0,10,24) , (1116,0,8,24) , (1130,0,9,24) , (1145,0,4,24) , (1156,0,7,24) , 
  (1169,0,5,24) , (1182,0,6,24) , (1194,0,7,24) , (1204,0,4,24) , (1213,0,5,24) , (1225,0,3,24) , (1235,0,5,24) , (1245,0,7,24) , (1255,0,4,24) , (1264,0,6,24) , (1277,0,3,24) , (1285,0,6,24) , (1296,0,9,24) , (1310,0,5,24)  );

CreateLayer Main;
LayerSetImage Main '../images/CommentFont';
LayerSetImageMap Main CharList RectList;
LayerSetAscent Main 16;
LayerSetCharWidths Main CharList WidthList;
LayerSetCharWidths Main (' ') (5);
