Define Charlist
 ('A', 'B', 'C', 'D', 'E', 'F', 'G', 'H', 'I', 'J', 'K', 'L', 'M', 'N', 'O', 'P', 'Q', 'R', 'S', 'T', 'U', 'V', 'W', 'X', 'Y', 'Z', 
  'a', 'b', 'c', 'd', 'e', 'f', 'g', 'h', 'i', 'j', 'k', 'l', 'm', 'n', 'o', 'p', 'q', 'r', 's', 't', 'u', 'v', 'w', 'x', 'y', 'z', '0', 
  '1', '2', '3', '4', '5', '6', '7', '8', '9', '~', '`', '!', '@', '#', '$', '%', '^', '&', '*', '(', ')', '-', '_', '=', '+', '[', '{', 
  ']', '}', '\\', '|', ';', ':', "'", '"', ',', '<', '.', '>', '/', '?' );

Define WidthList
 (11, 10, 10, 11, 9, 9, 11, 11, 8, 8, 11, 9, 13, 11, 12, 10, 12, 11, 10, 11, 11, 11, 16, 11, 12, 11, 
  9, 10, 8, 10, 9, 8, 10, 10, 4, 7, 10, 4, 14, 10, 9, 9, 10, 7, 8, 7, 9, 9, 14, 10, 10, 9, 10, 
  9, 9, 10, 11, 9, 10, 10, 11, 10, 12, 5, 5, 14, 12, 10, 18, 11, 13, 9, 6, 7, 7, 11, 11, 11, 6, 9, 
  6, 10, 9, 3, 5, 4, 4, 7, 5, 11, 4, 11, 9, 7 );

Define RectList
 ((3,0,11,18) , (18,0,10,18) , (31,0,10,18) , (44,0,11,18) , (58,0,9,18) , (71,0,9,18) , (82,0,11,18) , (97,0,11,18) , (111,0,8,18) , (121,0,8,18) , (132,0,11,18) , (146,0,9,18) , (157,0,13,18) , (174,0,11,18) , (188,0,12,18) , (203,0,10,18) , (216,0,12,18) , (231,0,11,18) , (244,0,10,18) , (256,0,11,18) , (269,0,11,18) , (283,0,11,18) , (297,0,16,18) , (315,0,11,18) , (328,0,12,18) , (341,0,11,18) , 
  (354,0,9,18) , (367,0,10,18) , (379,0,8,18) , (390,0,10,18) , (403,0,9,18) , (414,0,8,18) , (423,0,10,18) , (436,0,10,18) , (449,0,4,18) , (455,0,7,18) , (465,0,10,18) , (477,0,4,18) , (485,0,14,18) , (502,0,10,18) , (515,0,9,18) , (528,0,9,18) , (539,0,10,18) , (553,0,7,18) , (562,0,8,18) , (573,0,7,18) , (583,0,9,18) , (595,0,9,18) , (607,0,14,18) , (623,0,10,18) , (635,0,10,18) , (647,0,9,18) , (659,0,10,18) , 
  (672,0,9,18) , (685,0,9,18) , (697,0,10,18) , (709,0,11,18) , (723,0,9,18) , (735,0,10,18) , (748,0,10,18) , (760,0,11,18) , (773,0,10,18) , (786,0,12,18) , (803,0,5,18) , (814,0,5,18) , (822,0,14,18) , (839,0,12,18) , (853,0,10,18) , (866,0,18,18) , (887,0,11,18) , (901,0,13,18) , (917,0,9,18) , (930,0,6,18) , (940,0,7,18) , (950,0,7,18) , (959,0,11,18) , (973,0,11,18) , (988,0,11,18) , (1003,0,6,18) , (1013,0,9,18) , 
  (1026,0,6,18) , (1036,0,10,18) , (1049,0,9,18) , (1063,0,3,18) , (1071,0,5,18) , (1080,0,4,18) , (1088,0,4,18) , (1096,0,7,18) , (1106,0,5,18) , (1115,0,11,18) , (1130,0,4,18) , (1138,0,11,18) , (1152,0,9,18) , (1165,0,7,18)  );

CreateLayer Main;
LayerSetImage Main '../images/MonitorFont(medium)';
LayerSetImageMap Main CharList RectList;
LayerSetAscent Main 13;
LayerSetCharWidths Main CharList WidthList;
LayerSetCharWidths Main (' ') (8);
