Define Charlist
 ('A', 'B', 'C', 'D', 'E', 'F', 'G', 'H', 'I', 'J', 'K', 'L', 'M', 'N', 'O', 'P', 'Q', 'R', 'S', 'T', 'U', 'V', 'W', 'X', 'Y', 'Z', 
  'a', 'b', 'c', 'd', 'e', 'f', 'g', 'h', 'i', 'j', 'k', 'l', 'm', 'n', 'o', 'p', 'q', 'r', 's', 't', 'u', 'v', 'w', 'x', 'y', 'z', '0', 
  '1', '2', '3', '4', '5', '6', '7', '8', '9', '~', '`', '!', '@', '#', '$', '%', '^', '&', '*', '(', ')', '-', '_', '=', '+', '[', '{', 
  ']', '}', '\\', '|', ';', ':', "'", '"', ',', '<', '.', '>', '/', '?' );

Define WidthList
 (9, 10, 10, 10, 9, 9, 10, 10, 7, 8, 10, 8, 11, 10, 10, 10, 10, 9, 9, 9, 11, 10, 14, 11, 10, 9, 
  9, 9, 8, 9, 8, 7, 10, 9, 4, 6, 9, 4, 13, 9, 9, 9, 9, 7, 8, 7, 9, 9, 13, 9, 9, 8, 10, 
  8, 9, 9, 10, 9, 10, 10, 9, 10, 11, 5, 4, 12, 11, 10, 17, 10, 12, 8, 6, 6, 7, 11, 10, 10, 6, 8, 
  6, 9, 8, 4, 5, 4, 4, 7, 5, 10, 4, 10, 9, 8 );

Define RectList
 ((3,0,9,18) , (15,0,10,18) , (27,0,10,18) , (40,0,10,18) , (53,0,9,18) , (64,0,9,18) , (75,0,10,18) , (88,0,10,18) , (101,0,7,18) , (110,0,8,18) , (121,0,10,18) , (133,0,8,18) , (144,0,11,18) , (159,0,10,18) , (172,0,10,18) , (185,0,10,18) , (197,0,10,18) , (211,0,9,18) , (223,0,9,18) , (235,0,9,18) , (246,0,11,18) , (259,0,10,18) , (272,0,14,18) , (288,0,11,18) , (301,0,10,18) , (313,0,9,18) , 
  (324,0,9,18) , (336,0,9,18) , (347,0,8,18) , (357,0,9,18) , (369,0,8,18) , (379,0,7,18) , (387,0,10,18) , (399,0,9,18) , (411,0,4,18) , (417,0,6,18) , (426,0,9,18) , (437,0,4,18) , (444,0,13,18) , (460,0,9,18) , (472,0,9,18) , (483,0,9,18) , (494,0,9,18) , (506,0,7,18) , (515,0,8,18) , (524,0,7,18) , (534,0,9,18) , (545,0,9,18) , (556,0,13,18) , (571,0,9,18) , (582,0,9,18) , (593,0,8,18) , (603,0,10,18) , 
  (616,0,8,18) , (627,0,9,18) , (639,0,9,18) , (650,0,10,18) , (662,0,9,18) , (673,0,10,18) , (685,0,10,18) , (697,0,9,18) , (708,0,10,18) , (719,0,11,18) , (731,0,5,18) , (738,0,4,18) , (745,0,12,18) , (760,0,11,18) , (773,0,10,18) , (785,0,17,18) , (805,0,10,18) , (818,0,12,18) , (832,0,8,18) , (844,0,6,18) , (853,0,6,18) , (862,0,7,18) , (870,0,11,18) , (883,0,10,18) , (897,0,10,18) , (911,0,6,18) , (920,0,8,18) , 
  (932,0,6,18) , (941,0,9,18) , (953,0,8,18) , (965,0,4,18) , (973,0,5,18) , (982,0,4,18) , (989,0,4,18) , (996,0,7,18) , (1005,0,5,18) , (1013,0,10,18) , (1027,0,4,18) , (1034,0,10,18) , (1047,0,9,18) , (1059,0,8,18)  );

CreateLayer Main;
LayerSetImage Main '../images/MonitorFont(small)';
LayerSetImageMap Main CharList RectList;
LayerSetAscent Main 11;
LayerSetCharWidths Main CharList WidthList;
LayerSetCharWidths Main (' ') (3);
