Define Charlist
 ('A', 'B', 'C', 'D', 'E', 'F', 'G', 'H', 'I', 'J', 'K', 'L', 'M', 'N', 'O', 'P', 'Q', 'R', 'S', 'T', 'U', 'V', 'W', 'X', 'Y', 'Z', 
  '0', '1', '2', '3', '4', '5', '6', '7', '8', '9', "'", '?', '!', ',', '.', '+', '=', '#', '$', '*' );

Define WidthList
 (12, 12, 12, 12, 12, 12, 12, 12, 12, 12, 12, 12, 12, 12, 12, 12, 12, 12, 12, 12, 12, 12, 12, 12, 12, 12, 
  12, 7, 12, 12, 12, 12, 12, 12, 12, 12, 6, 12, 8, 4, 5, 12, 12, 12, 12, 11 );

Define RectList
 ((9,0,15,19) , (27,0,15,19) , (46,0,15,19) , (66,0,15,19) , (85,0,15,19) , (104,0,15,19) , (123,0,15,19) , (142,0,15,19) , (161,0,15,19) , (180,0,15,19) , (199,0,15,19) , (218,0,15,19) , (237,0,15,19) , (256,0,15,19) , (275,0,15,19) , (294,0,15,19) , (313,0,15,19) , (332,0,15,19) , (351,0,15,19) , (370,0,15,19) , (389,0,15,19) , (409,0,15,19) , (428,0,15,19) , (447,0,15,19) , (466,0,15,19) , (485,0,15,19) , 
  (504,0,15,19) , (524,0,10,19) , (538,0,15,19) , (557,0,15,19) , (576,0,15,19) , (595,0,15,19) , (614,0,15,19) , (634,0,15,19) , (653,0,15,19) , (671,0,15,19) , (690,0,9,19) , (703,0,15,19) , (722,0,11,19) , (737,0,7,19) , (749,0,8,19) , (761,0,15,19) , (780,0,15,19) , (799,0,15,19) , (818,0,15,19) , (837,0,14,19)  );

CreateLayer Main;
LayerSetImage Main '../images/MouseoverFont';
LayerSetImageMap Main CharList RectList;
LayerSetAscent Main 15;
LayerSetCharWidths Main CharList WidthList;
LayerSetCharWidths Main (' ') (5);
