Define Charlist
 ('A', 'B', 'C', 'D', 'E', 'F', 'G', 'H', 'I', 'J', 'K', 'L', 'M', 'N', 'O', 'P', 'Q', 'R', 'S', 'T', 'U', 'V', 'W', 'X', 'Y', 'Z', 
  'a', 'b', 'c', 'd', 'e', 'f', 'g', 'h', 'i', 'j', 'k', 'l', 'm', 'n', 'o', 'p', 'q', 'r', 's', 't', 'u', 'v', 'w', 'x', 'y', 'z', '0', 
  '1', '2', '3', '4', '5', '6', '7', '8', '9', '~', '`', '!', '@', '#', '$', '%', '^', '&', '*', '(', ')', '-', '_', '=', '+', '[', '{', 
  ']', '}', '\\', '|', ';', ':', "'", '"', ',', '<', '.', '>', '/', '?' );

Define WidthList
 (13, 12, 12, 12, 11, 10, 13, 13, 7, 12, 13, 10, 15, 12, 13, 12, 13, 13, 11, 12, 12, 12, 16, 12, 11, 11, 
  11, 11, 10, 11, 10, 10, 11, 11, 6, 10, 11, 10, 12, 11, 11, 11, 11, 12, 10, 10, 11, 11, 14, 11, 11, 9, 10, 
  7, 10, 11, 12, 10, 10, 10, 10, 10, 9, 5, 5, 14, 13, 10, 15, 12, 13, 8, 6, 6, 6, 10, 10, 10, 6, 8, 
  6, 8, 10, 3, 5, 5, 5, 8, 5, 9, 5, 9, 10, 8 );

Define RectList
 ((0,0,13,19) , (19,0,12,19) , (36,0,12,19) , (54,0,12,19) , (71,0,11,19) , (88,0,10,19) , (104,0,13,19) , (122,0,13,19) , (142,0,7,19) , (154,0,12,19) , (171,0,13,19) , (191,0,10,19) , (205,0,15,19) , (227,0,12,19) , (244,0,13,19) , (263,0,12,19) , (280,0,13,19) , (298,0,13,19) , (317,0,11,19) , (332,0,12,19) , (350,0,12,19) , (368,0,12,19) , (384,0,16,19) , (406,0,12,19) , (424,0,11,19) , (440,0,11,19) , 
  (456,0,11,19) , (470,0,11,19) , (486,0,10,19) , (500,0,11,19) , (515,0,10,19) , (529,0,10,19) , (542,0,11,19) , (558,0,11,19) , (574,0,6,19) , (585,0,10,19) , (600,0,11,19) , (615,0,10,19) , (630,0,12,19) , (647,0,11,19) , (663,0,11,19) , (678,0,11,19) , (692,0,11,19) , (707,0,12,19) , (723,0,10,19) , (737,0,10,19) , (752,0,11,19) , (767,0,11,19) , (782,0,14,19) , (800,0,11,19) , (815,0,11,19) , (830,0,9,19) , (843,0,10,19) , 
  (862,0,7,19) , (877,0,10,19) , (892,0,11,19) , (909,0,12,19) , (926,0,10,19) , (943,0,10,19) , (960,0,10,19) , (976,0,10,19) , (993,0,10,19) , (1008,0,9,19) , (1023,0,5,19) , (1038,0,5,19) , (1048,0,14,19) , (1067,0,13,19) , (1084,0,10,19) , (1100,0,15,19) , (1120,0,12,19) , (1137,0,13,19) , (1157,0,8,19) , (1173,0,6,19) , (1186,0,6,19) , (1199,0,6,19) , (1209,0,10,19) , (1225,0,10,19) , (1241,0,10,19) , (1258,0,6,19) , (1271,0,8,19) , 
  (1284,0,6,19) , (1297,0,8,19) , (1308,0,10,19) , (1321,0,3,19) , (1330,0,5,19) , (1341,0,5,19) , (1352,0,5,19) , (1361,0,8,19) , (1376,0,5,19) , (1387,0,9,19) , (1401,0,5,19) , (1412,0,9,19) , (1423,0,10,19) , (1438,0,8,19)  );

CreateLayer Main;
LayerSetImage Main '../images/StencilFont';
LayerSetImageMap Main CharList RectList;
LayerSetAscent Main 15;
LayerSetCharWidths Main CharList WidthList;
LayerSetCharWidths Main (' ') (5);
