Define CharList
 ( 'A', 'B', 'C', 'D', 'E', 'F', 'G', 'H', 'I', 'J', 'K', 'L', 'M', 'N', 'O', 'P',
   'Q', 'R', 'S', 'T', 'U', 'V', 'W', 'X', 'Y', 'Z', 'a', 'b', 'c', 'd', 'e', 'f',
   'g', 'h', 'i', 'j', 'k', 'l', 'm', 'n', 'o', 'p', 'q', 'r', 's', 't', 'u', 'v',
   'w', 'x', 'y', 'z', '0', '1', '2', '3', '4', '5', '6', '7', '8', '9', '~', '`',
   '!', '@', '#', '$', '%', '^', '&', '*', '(', ')', '-', '_', '=', '+', '[', '{',
   ']', '}', ';', ':',"'", '"', ',', '<', '.', '>', '/', '?', '¡', '¢', '£', '¥',
   '§', '©', '®', '¿');

Define WidthList
 (  13,  12,  12,  15,  12,  11,  15,  14,   7,   5,  14,  11,  16,  15,  15,  11,
    15,  12,   9,  12,  13,  13,  17,  13,  12,  12,   8,  10,   8,  10,   8,   9,
     9,  10,   4,   4,   9,   3,  15,  10,  10,  10,   9,   6,   7,   6,   9,   9,
    13,   9,   8,   8,   9,   9,   9,   9,   9,   9,   9,   9,   9,   9,  13,   6,
     4,  17,  13,   9,  16,  10,  14,   8,   6,   6,   6,  10,  13,  13,   5,   9,
     5,   9,   4,   4,   3,   7,   4,  13,   4,  13,  10,   7,   4,   8,  11,  12,
     8,  14,  14,   7);

Define RectList
 ( (   0,  0, 15, 18), (  17,  0, 13, 18), (  32,  0, 12, 18), (  46,  0, 15, 18),
   (  63,  0, 13, 18), (  78,  0, 11, 18), (  91,  0, 15, 18), ( 108,  0, 16, 18),
   ( 126,  0,  7, 18), ( 135,  0,  8, 18), ( 145,  0, 15, 18), ( 162,  0, 13, 18),
   ( 177,  0, 18, 18), ( 197,  0, 16, 18), ( 215,  0, 15, 18), ( 232,  0, 12, 18),
   ( 246,  0, 16, 18), ( 264,  0, 14, 18), ( 280,  0,  9, 18), ( 291,  0, 13, 18),
   ( 306,  0, 13, 18), ( 321,  0, 15, 18), ( 338,  0, 19, 18), ( 359,  0, 15, 18),
   ( 376,  0, 13, 18), ( 391,  0, 12, 18), ( 405,  0,  9, 18), ( 416,  0, 10, 18),
   ( 428,  0,  9, 18), ( 439,  0, 10, 18), ( 451,  0,  9, 18), ( 462,  0,  9, 18),
   ( 473,  0, 11, 18), ( 486,  0, 10, 18), ( 498,  0,  5, 18), ( 505,  0,  4, 18),
   ( 511,  0, 10, 18), ( 523,  0,  5, 18), ( 530,  0, 15, 18), ( 547,  0, 10, 18),
   ( 559,  0, 10, 18), ( 571,  0, 10, 18), ( 583,  0, 10, 18), ( 595,  0,  7, 18),
   ( 604,  0,  7, 18), ( 613,  0,  7, 18), ( 622,  0, 10, 18), ( 634,  0, 11, 18),
   ( 647,  0, 14, 18), ( 663,  0, 10, 18), ( 675,  0, 10, 18), ( 687,  0,  8, 18),
   ( 697,  0,  9, 18), ( 708,  0,  8, 18), ( 718,  0, 10, 18), ( 730,  0,  9, 18),
   ( 741,  0, 10, 18), ( 753,  0,  9, 18), ( 764,  0,  9, 18), ( 775,  0,  9, 18),
   ( 786,  0,  9, 18), ( 797,  0,  9, 18), ( 808,  0, 12, 18), ( 822,  0,  5, 18),
   ( 829,  0,  3, 18), ( 834,  0, 18, 18), ( 854,  0, 13, 18), ( 869,  0,  9, 18),
   ( 880,  0, 16, 18), ( 898,  0, 11, 18), ( 911,  0, 15, 18), ( 928,  0,  9, 18),
   ( 939,  0,  6, 18), ( 947,  0,  6, 18), ( 955,  0,  7, 18), ( 964,  0, 12, 18),
   ( 978,  0, 12, 18), ( 992,  0, 13, 18), (1007,  0,  6, 18), (1015,  0,  6, 18),
   (1023,  0,  6, 18), (1031,  0,  6, 18), (1039,  0,  5, 18), (1046,  0,  3, 18),
   (1051,  0,  3, 18), (1056,  0,  7, 18), (1065,  0,  5, 18), (1072,  0, 12, 18),
   (1086,  0,  3, 18), (1091,  0, 12, 18), (1105,  0,  9, 18), (1116,  0,  7, 18),
   (1125,  0,  3, 18), (1130,  0,  9, 18), (1141,  0, 13, 18), (1156,  0, 13, 18),
   (1171,  0,  8, 18), (1181,  0, 15, 18), (1198,  0, 15, 18), (1215,  0,  7, 18));

Define OffsetList
 ( (-1, 3), (-1, 3), ( 0, 3), (-1, 3), (-1, 3), ( 0, 3), ( 0, 3), (-1, 3),
   ( 0, 3), (-3, 3), ( 0, 3), (-1, 3), (-1, 3), (-1, 3), ( 0, 3), (-1, 3),
   ( 0, 3), (-1, 3), ( 0, 3), (-1, 3), ( 0, 3), (-1, 3), (-1, 3), (-1, 3),
   (-1, 3), ( 0, 3), ( 0, 3), ( 0, 3), ( 0, 3), ( 0, 3), ( 0, 3), ( 0, 3),
   (-1, 3), ( 0, 3), ( 0, 3), ( 0, 3), ( 0, 3), (-1, 3), ( 0, 3), ( 0, 3),
   ( 0, 3), ( 0, 3), ( 0, 3), ( 0, 3), ( 0, 3), ( 0, 3), (-1, 3), (-1, 3),
   (-1, 3), (-1, 3), (-1, 3), ( 0, 3), ( 0, 3), ( 0, 3), (-1, 3), ( 0, 3),
   ( 0, 3), ( 0, 3), ( 0, 3), ( 0, 3), ( 0, 3), ( 0, 3), ( 0, 3), ( 1, 3),
   ( 0, 3), ( 0, 3), ( 0, 3), ( 0, 3), ( 0, 3), (-1, 3), ( 0, 3), (-1, 3),
   ( 0, 3), (-1, 3), (-1, 3), (-1, 3), ( 0, 3), ( 0, 3), ( 1, 3), ( 2, 3),
   (-2, 3), (-1, 3), (-1, 3), ( 0, 3), ( 0, 3), ( 0, 3), (-1, 3), ( 0, 3),
   ( 0, 3), ( 0, 3), ( 0, 3), ( 0, 3), ( 0, 3), ( 0, 3), (-1, 3), (-1, 3),
   ( 0, 3), (-1, 3), (-1, 3), (-1, 3));

Define KerningPairs
 ("AC","AG","AO","AT","AU","AV","AW","AY","Av","Aw","B,","B.","BA","D,","D.","DA",
  "DV","DY","F,","F.","FA","Fe","Fo","G,","G.","J,","J.","J:","J;","Ja","Je","Jo",
  "KG","KO","Kv","Kw","LT","LW","LY","N,","N.","O,","O.","OA","OV","OW","OX","OY",
  "P,","P.","PA","Pa","Pe","Po","Q.","QA","RG","RV","RY","S,","S.","T,","T-","T.",
  "T:","T;","Ta","Tc","Te","Tm","To","Tr","Ts","Tu","Tw","Ty","Tz","U,","U.","UA",
  "V,","V-","V.","V:","V;","VA","VG","Va","Ve","Vo","Vr","Vu","Vy","W,","W-","W.",
  "W:","W;","WA","Wa","Wd","We","Wo","Wr","Wu","Wy","XG","XO","Y,","Y-","Y.","Y:",
  "Y;","YA","YG","YO","Ya","Yd","Ye","Yo","Yp","Yq","Yu","Yv","b,","b.","f!","f?",
  "g.","gg","gp","gy","o,","o.","p,","p.","r.","rm","ru","rv","ry","s,","s.","v,",
  "v.","w,","w.","wp","y,","y.","fi","ff","fo","fr","ft","fu","el","wh","e!");

Define KerningValues
 (  -1,  -1,  -1,  -1,  -1,  -2,  -2,  -1,  -1,  -1,  -1,  -1,  -1,  -2,  -2,  -1,
    -1,  -1,  -2,  -2,  -1,  -1,  -1,  -1,  -1,  -1,  -2,  -1,  -1,  -1,  -1,  -1,
    -1,  -1,  -1,  -1,  -1,  -1,  -1,  -1,  -1,  -2,  -1,  -1,  -1,  -1,  -1,  -1,
    -2,  -3,  -1,  -1,  -1,  -1,  -1,  -1,  -1,  -1,  -1,  -1,  -1,  -1,  -1,  -2,
    -1,  -1,  -1,  -1,  -1,  -1,  -1,  -1,  -1,  -1,  -1,  -1,  -1,  -2,  -2,  -1,
    -3,  -2,  -3,  -1,  -2,  -2,  -1,  -1,  -1,  -1,  -1,  -1,  -1,  -3,  -2,  -3,
    -1,  -1,  -2,  -1,  -1,  -2,  -2,  -1,  -1,  -1,  -1,  -1,  -2,  -2,  -3,  -1,
    -1,  -1,  -1,  -1,  -1,  -1,  -1,  -1,  -1,  -1,  -1,  -1,  -1,  -1,   2,   2,
    -1,   1,   1,   1,  -1,  -1,  -1,  -1,   0,   1,   1,   1,   1,  -1,  -1,  -2,
    -2,  -2,  -2,   1,  -2,  -2,  -4,  -2,  -2,  -2,  -3,  -1,   1,  -1,   1 );

CreateLayer               Main;
LayerSetImage             Main '../images/Garamond14';
LayerSetAscent            Main 16;
LayerSetCharWidths        Main CharList WidthList;
LayerSetCharWidths        Main (' ') (5);
LayerSetKerningPairs      Main KerningPairs KerningValues;
LayerSetCharOffsets       Main CharList OffsetList;
LayerSetAscentPadding     Main 0;
LayerSetLineSpacingOffset Main 0;
LayerSetPointSize         Main 14;
LayerSetImageMap          Main CharList RectList;

SetDefaultPointSize  14;
