Define CharList
 ( 'A', 'B', 'C', 'D', 'E', 'F', 'G', 'H', 'I', 'J', 'K', 'L', 'M', 'N', 'O', 'P',
   'Q', 'R', 'S', 'T', 'U', 'V', 'W', 'X', 'Y', 'Z', 'a', 'b', 'c', 'd', 'e', 'f',
   'g', 'h', 'i', 'j', 'k', 'l', 'm', 'n', 'o', 'p', 'q', 'r', 's', 't', 'u', 'v',
   'w', 'x', 'y', 'z', '0', '1', '2', '3', '4', '5', '6', '7', '8', '9', '~', '`',
   '!', '@', '#', '$', '%', '^', '&', '*', '(', ')', '-', '_', '=', '+', '[', '{',
   ']', '}', ';', ':',"'", '"', ',', '<', '.', '>', '/', '?', '¡', '¢', '£', '¥',
   '§', '©', '®', '¿');

Define WidthList
 (  11,  10,  10,  12,  11,   9,  12,  12,   5,   5,  12,   9,  13,  12,  13,   9,
    12,  10,   8,  10,  11,  11,  14,  11,  11,  11,   7,   8,   7,   8,   7,   7,
     7,   8,   4,   4,   8,   4,  12,   8,   8,   8,   8,   5,   6,   5,   8,   8,
    11,   7,   7,   7,   8,   8,   8,   8,   8,   8,   8,   8,   8,   8,  11,   5,
     4,  15,  11,   7,  13,   8,  12,   7,   5,   5,   5,   8,  11,  11,   4,   8,
     4,   8,   4,   4,   3,   7,   4,  11,   4,  11,   8,   6,   4,   7,   9,  11,
     7,  12,  12,   6);

Define RectList
 ( (   0,  0, 13, 15), (  15,  0, 11, 15), (  28,  0, 10, 15), (  40,  0, 13, 15),
   (  55,  0, 12, 15), (  69,  0, 10, 15), (  81,  0, 13, 15), (  96,  0, 14, 15),
   ( 112,  0,  7, 15), ( 121,  0,  7, 15), ( 130,  0, 13, 15), ( 145,  0, 11, 15),
   ( 158,  0, 15, 15), ( 175,  0, 14, 15), ( 191,  0, 13, 15), ( 206,  0, 10, 15),
   ( 218,  0, 13, 15), ( 233,  0, 12, 15), ( 247,  0,  8, 15), ( 257,  0, 11, 15),
   ( 270,  0, 11, 15), ( 283,  0, 12, 15), ( 297,  0, 16, 15), ( 315,  0, 13, 15),
   ( 330,  0, 13, 15), ( 345,  0, 11, 15), ( 358,  0,  8, 15), ( 368,  0,  9, 15),
   ( 379,  0,  8, 15), ( 389,  0,  9, 15), ( 400,  0,  7, 15), ( 409,  0,  8, 15),
   ( 419,  0,  9, 15), ( 430,  0,  9, 15), ( 441,  0,  5, 15), ( 448,  0,  4, 15),
   ( 454,  0,  9, 15), ( 465,  0,  5, 15), ( 472,  0, 13, 15), ( 487,  0,  9, 15),
   ( 498,  0,  9, 15), ( 509,  0,  9, 15), ( 520,  0,  9, 15), ( 531,  0,  7, 15),
   ( 540,  0,  6, 15), ( 548,  0,  6, 15), ( 556,  0,  9, 15), ( 567,  0,  9, 15),
   ( 578,  0, 13, 15), ( 593,  0,  9, 15), ( 604,  0,  9, 15), ( 615,  0,  8, 15),
   ( 625,  0,  8, 15), ( 635,  0,  7, 15), ( 644,  0,  8, 15), ( 654,  0,  8, 15),
   ( 664,  0,  9, 15), ( 675,  0,  8, 15), ( 685,  0,  8, 15), ( 695,  0,  8, 15),
   ( 705,  0,  8, 15), ( 715,  0,  8, 15), ( 725,  0, 10, 15), ( 737,  0,  5, 15),
   ( 744,  0,  3, 15), ( 749,  0, 16, 15), ( 767,  0, 11, 15), ( 780,  0,  7, 15),
   ( 789,  0, 13, 15), ( 804,  0,  9, 15), ( 815,  0, 13, 15), ( 830,  0,  9, 15),
   ( 841,  0,  6, 15), ( 849,  0,  6, 15), ( 857,  0,  6, 15), ( 865,  0, 11, 15),
   ( 878,  0, 10, 15), ( 890,  0, 11, 15), ( 903,  0,  5, 15), ( 910,  0,  6, 15),
   ( 918,  0,  5, 15), ( 925,  0,  6, 15), ( 933,  0,  5, 15), ( 940,  0,  3, 15),
   ( 945,  0,  3, 15), ( 950,  0,  6, 15), ( 958,  0,  5, 15), ( 965,  0, 10, 15),
   ( 977,  0,  3, 15), ( 982,  0, 10, 15), ( 994,  0,  8, 15), (1004,  0,  6, 15),
   (1012,  0,  3, 15), (1017,  0,  8, 15), (1027,  0, 11, 15), (1040,  0, 13, 15),
   (1055,  0,  7, 15), (1064,  0, 13, 15), (1079,  0, 13, 15), (1094,  0,  6, 15));

Define OffsetList
 ( (-1, 3), (-1, 3), ( 0, 3), (-1, 3), (-1, 3), ( 0, 3), ( 0, 3), (-1, 3),
   (-1, 3), (-2, 3), ( 0, 3), (-1, 3), (-1, 3), (-1, 3), ( 0, 3), (-1, 3),
   ( 0, 3), (-1, 3), ( 0, 3), (-1, 3), ( 0, 3), (-1, 3), (-1, 3), (-1, 3),
   (-1, 3), ( 0, 3), ( 0, 3), (-1, 3), ( 0, 3), (-1, 3), ( 0, 3), (-1, 3),
   (-1, 3), (-1, 3), (-1, 3), (-1, 3), (-1, 3), (-1, 3), (-1, 3), (-1, 3),
   (-1, 3), (-1, 3), (-1, 3), (-1, 3), ( 0, 3), (-1, 3), (-1, 3), (-1, 3),
   (-2, 3), (-1, 3), (-1, 3), (-1, 3), ( 0, 3), ( 1, 3), ( 0, 3), ( 0, 3),
   ( 0, 3), ( 0, 3), ( 0, 3), ( 0, 3), ( 0, 3), ( 0, 3), ( 0, 3), ( 1, 3),
   ( 0, 3), ( 0, 3), ( 0, 3), ( 0, 3), ( 0, 3), (-1, 3), ( 0, 3), (-1, 3),
   ( 0, 3), (-1, 3), (-1, 3), (-1, 3), ( 0, 3), ( 0, 3), ( 1, 3), ( 1, 3),
   (-1, 3), ( 1, 3), (-1, 3), ( 0, 3), ( 0, 3), ( 0, 3), (-1, 3), ( 0, 3),
   ( 0, 3), ( 0, 3), ( 0, 3), ( 0, 3), ( 0, 3), ( 0, 3), (-1, 3), (-1, 3),
   ( 0, 3), (-1, 3), (-1, 3), (-1, 3));

Define KerningPairs
 ("AC","AG","AO","AU","AV","AW","AY","Av","Aw","B,","B.","D,","D.","DA","DY","F,",
  "F.","FA","Fe","Fo","G,","G.","J,","J.","J:","J;","KO","LT","LW","N,","N.","O,",
  "O.","OA","OV","OW","OX","OY","P,","P.","PA","Po","Q.","QA","RV","RY","S,","S.",
  "T,","T-","T.","Ta","Tc","Te","Tm","To","Tr","Ts","Tu","Tw","Ty","Tz","U,","U.",
  "UA","V,","V-","V.","V:","V;","VA","Va","Ve","Vo","Vr","Vu","Vy","W,","W-","W.",
  "W:","W;","WA","Wa","Wd","We","Wo","Wr","Wu","Wy","XG","Y,","Y-","Y.","Y:","Y;",
  "YA","YG","YO","Ya","Yd","Ye","Yo","Yp","Yq","Yu","Yv","b,","b.","f!","f?","g.",
  "gg","gp","gy","o,","o.","p,","p.","r.","rm","ru","rv","s.","v,","v.","w,","w.",
  "wp","y,","y.");

Define KerningValues (  -1,  -1,  -1,  -1,  -2,  -1,  -1,  -1,  -1,  -1,  -1,  -1,  -2,  -1,  -1,  -2,    -2,  -1,  -1,  -1,  -1,  -1,  -1,  -1,  -1,  -1,  -1,  -1,  -1,  -1,  -1,  -1,    -1,  -1,  -1,  -1,  -1,  -1,  -2,  -2,  -1,  -1,  -1,  -1,  -1,  -1,  -1,  -1,    -1,  -1,  -1,  -1,  -1,  -1,  -1,  -1,  -1,  -1,  -1,  -1,  -1,  -1,  -2,  -2,    -1,  -2,  -2,  -2,  -1,  -1,  -2,  -1,  -1,  -1,  -1,  -1,  -1,  -2,  -2,  -2,    -1,  -1,  -1,  -1,  -1,  -1,  -1,  -1,  -1,  -1,  -1,  -2,  -1,  -2,  -1,  -1,    -1,  -1,  -1,  -1,  -1,  -1,  -1,  -1,  -1,  -1,  -1,  -1,  -1,   1,   2,  -1,     1,   1,   1,  -1,  -1,  -1,  -1,  -1,   1,   1,   1,  -1,  -2,  -2,  -2,  -2,     1,  -1,  -1);

CreateLayer               Main;
LayerSetImage             Main '../images/Garamond12';
LayerSetAscent            Main 14;
LayerSetCharWidths        Main CharList WidthList;
LayerSetCharWidths        Main (' ') (4);
LayerSetKerningPairs      Main KerningPairs KerningValues;
LayerSetCharOffsets       Main CharList OffsetList;
LayerSetAscentPadding     Main 0;
LayerSetLineSpacingOffset Main 0;
LayerSetPointSize         Main 12;
LayerSetImageMap          Main CharList RectList;

SetDefaultPointSize  12;
