Define CharList
 ( 'A', 'B', 'C', 'D', 'E', 'F', 'G', 'H', 'I', 'J', 'K', 'L', 'M', 'N', 'O', 'P',
   'Q', 'R', 'S', 'T', 'U', 'V', 'W', 'X', 'Y', 'Z', '0', '1', '2', '3', '4', '5',
   '6', '7', '8', '9', '!', '&', '*', '/', '(', ')', '-', '_', '=', '+', ';', ':',
  "'", '"', ',', '.', '?');

Define WidthList
 (  12,   8,  10,  10,   7,   8,  10,  10,   4,   5,   7,   7,  15,  15,  14,   8,
    14,   8,   7,   9,  11,  10,  16,  11,  11,   9,  12,   4,  10,   7,   9,   8,
    10,  10,   9,  10,   3,   8,   6,   5,   3,   4,   6,  14,   5,   5,   3,   3,
     2,   5,   3,   3,   7);

Define RectList
 ( (   0,  0, 12, 23), (  14,  0,  8, 23), (  24,  0, 10, 23), (  36,  0,  9, 23),
   (  47,  0,  7, 23), (  56,  0,  7, 23), (  65,  0, 10, 23), (  77,  0, 11, 23),
   (  90,  0,  3, 23), (  95,  0,  7, 23), ( 104,  0,  7, 23), ( 113,  0,  7, 23),
   ( 122,  0, 16, 23), ( 140,  0, 15, 23), ( 157,  0, 14, 23), ( 173,  0,  8, 23),
   ( 183,  0, 15, 23), ( 200,  0, 10, 23), ( 212,  0,  8, 23), ( 222,  0, 10, 23),
   ( 234,  0, 11, 23), ( 247,  0, 10, 23), ( 259,  0, 16, 23), ( 277,  0, 12, 23),
   ( 291,  0, 11, 23), ( 304,  0, 10, 23), ( 316,  0, 12, 23), ( 330,  0,  3, 23),
   ( 335,  0, 10, 23), ( 347,  0,  7, 23), ( 356,  0,  9, 23), ( 367,  0,  8, 23),
   ( 377,  0, 11, 23), ( 390,  0, 10, 23), ( 402,  0,  9, 23), ( 413,  0,  9, 23),
   ( 424,  0,  3, 23), ( 429,  0,  8, 23), ( 439,  0,  6, 23), ( 447,  0,  6, 23),
   ( 455,  0,  5, 23), ( 462,  0,  5, 23), ( 469,  0,  6, 23), ( 477,  0, 16, 23),
   ( 495,  0, 13, 23), ( 510,  0, 11, 23), ( 523,  0,  3, 23), ( 528,  0,  3, 23),
   ( 533,  0,  3, 23), ( 538,  0,  5, 23), ( 545,  0,  3, 23), ( 550,  0,  2, 23),
   ( 554,  0,  7, 23));

Define OffsetList
 ( ( 0, 2), ( 0, 2), ( 0, 2), ( 0, 2), ( 0, 2), ( 1, 2), ( 0, 2), ( 0, 2),
   ( 0, 2), (-2, 2), ( 0, 2), ( 0, 2), (-1, 2), ( 0, 2), ( 0, 2), ( 0, 2),
   ( 0, 2), (-1, 2), ( 0, 2), (-1, 2), ( 1, 2), ( 0, 2), ( 0, 2), (-1, 2),
   ( 0, 2), ( 0, 2), ( 0, 2), ( 0, 2), ( 0, 2), ( 1, 2), ( 0, 2), ( 0, 2),
   (-1, 2), ( 0, 2), ( 0, 2), ( 1, 2), ( 0, 2), ( 0, 2), ( 0, 2), ( 0, 2),
   ( 0, 2), (-4, 2), ( 0, 2), (-1, 2), (-1, 2), (-3, 2), ( 0, 2), ( 0, 2),
   ( 0, 2), ( 0, 2), ( 0, 2), ( 0, 2), ( 0, 2));

Define KerningPairs
 ("AG","FG","NO","RS","TO","WX");

Define KerningValues (  -1,  -1,  -2,  -2,  -2,  -1);

CreateLayer               Main;
LayerSetImage             Main '../images/Praitor24';
LayerSetAscent            Main 25;
LayerSetCharWidths        Main CharList WidthList;
LayerSetCharWidths        Main (' ') (6);
LayerSetKerningPairs      Main KerningPairs KerningValues;
LayerSetCharOffsets       Main CharList OffsetList;
LayerSetAscentPadding     Main 0;
LayerSetLineSpacingOffset Main 0;
LayerSetPointSize         Main 24;
LayerSetImageMap          Main CharList RectList;

SetDefaultPointSize  24;
