Define CharList
 ( 'A', 'B', 'C', 'D', 'E', 'F', 'G', 'H', 'I', 'J', 'K', 'L', 'M', 'N', 'O', 'P',
   'Q', 'R', 'S', 'T', 'U', 'V', 'W', 'X', 'Y', 'Z', '0', '1', '2', '3', '4', '5',
   '6', '7', '8', '9', '`', '!', '@', '#', '$', '%', '^', '&', '*', '(', ')', '-',
   '_', '=', '+', '[', ']', ';', ':',"'", '"', ',', '<', '.', '>', '/', '?');

Define WidthList
 (  13,  11,  11,  16,  10,  10,  12,  14,   7,   6,  12,  10,  16,  12,  15,  10,
    15,  13,   9,  13,  13,  11,  16,  18,  15,  14,  12,   7,  16,  10,  12,  11,
    13,  13,  10,  13,   8,   6,  15,  14,  13,  20,  10,  16,  11,   8,   8,   9,
    13,   8,   9,   9,   7,   5,   5,   5,  10,   6,  10,   6,  10,   9,  10);

Define RectList
 ( (   0,  0, 13, 24), (  15,  0, 12, 24), (  29,  0, 11, 24), (  42,  0, 17, 24),
   (  61,  0, 11, 24), (  74,  0, 11, 24), (  87,  0, 13, 24), ( 102,  0, 15, 24),
   ( 119,  0,  7, 24), ( 128,  0,  6, 24), ( 136,  0, 13, 24), ( 151,  0, 11, 24),
   ( 164,  0, 17, 24), ( 183,  0, 13, 24), ( 198,  0, 16, 24), ( 216,  0, 10, 24),
   ( 228,  0, 18, 24), ( 248,  0, 16, 24), ( 266,  0, 10, 24), ( 278,  0, 12, 24),
   ( 292,  0, 14, 24), ( 308,  0, 13, 24), ( 323,  0, 17, 24), ( 342,  0, 19, 24),
   ( 363,  0, 16, 24), ( 381,  0, 15, 24), ( 398,  0, 13, 24), ( 413,  0,  7, 24),
   ( 422,  0, 17, 24), ( 441,  0, 11, 24), ( 454,  0, 13, 24), ( 469,  0, 12, 24),
   ( 483,  0, 14, 24), ( 499,  0, 13, 24), ( 514,  0, 11, 24), ( 527,  0, 14, 24),
   ( 543,  0,  6, 24), ( 551,  0,  6, 24), ( 559,  0, 15, 24), ( 576,  0, 19, 24),
   ( 597,  0, 12, 24), ( 611,  0, 18, 24), ( 631,  0,  9, 24), ( 642,  0, 18, 24),
   ( 662,  0, 11, 24), ( 675,  0,  9, 24), ( 686,  0,  9, 24), ( 697,  0,  9, 24),
   ( 708,  0, 14, 24), ( 724,  0,  9, 24), ( 735,  0, 10, 24), ( 747,  0,  7, 24),
   ( 756,  0,  7, 24), ( 765,  0,  6, 24), ( 773,  0,  6, 24), ( 781,  0,  6, 24),
   ( 789,  0, 10, 24), ( 801,  0,  6, 24), ( 809,  0, 12, 24), ( 823,  0,  6, 24),
   ( 831,  0, 11, 24), ( 844,  0, 12, 24), ( 858,  0, 11, 24));

Define OffsetList
 ( (-1, 2), (-1, 2), (-1, 2), (-1, 2), (-1, 2), (-1, 2), (-1, 2), (-1, 2),
   ( 0, 2), (-1, 2), (-1, 2), (-1, 2), (-1, 2), (-1, 2), (-1, 2), (-1, 2),
   (-1, 2), (-2, 2), (-1, 2), ( 0, 2), (-1, 2), (-2, 2), (-1, 2), (-1, 2),
   (-1, 2), (-1, 2), (-1, 2), ( 0, 2), (-1, 2), (-1, 2), (-1, 2), (-1, 2),
   (-1, 2), ( 0, 2), (-1, 2), (-1, 2), ( 0, 2), (-1, 2), (-1, 2), (-2, 2),
   ( 0, 2), ( 0, 2), ( 0, 2), (-1, 2), (-1, 2), ( 0, 2), (-1, 2), ( 0, 2),
   (-1, 2), (-1, 2), (-1, 2), ( 1, 2), (-1, 2), (-1, 2), (-1, 2), (-1, 2),
   ( 0, 2), (-1, 2), (-1, 2), ( 0, 2), ( 0, 2), (-2, 2), (-1, 2));

Define KerningPairs
 ("TU");

Define KerningValues (  -1);

CreateLayer               Main;
LayerSetImage             Main '../images/Vespasiano15';
LayerSetAscent            Main 21;
LayerSetCharWidths        Main CharList WidthList;
LayerSetCharWidths        Main (' ') (4);
LayerSetKerningPairs      Main KerningPairs KerningValues;
LayerSetCharOffsets       Main CharList OffsetList;
LayerSetAscentPadding     Main 0;
LayerSetLineSpacingOffset Main 0;
LayerSetPointSize         Main 15;
LayerSetImageMap          Main CharList RectList;

SetDefaultPointSize  15;
