Define CharList
 ( 'A', 'B', 'C', 'D', 'E', 'F', 'G', 'H', 'I', 'J', 'K', 'L', 'M', 'N', 'O', 'P',
   'Q', 'R', 'S', 'T', 'U', 'V', 'W', 'X', 'Y', 'Z', 'a', 'b', 'c', 'd', 'e', 'f',
   'g', 'h', 'i', 'j', 'k', 'l', 'm', 'n', 'o', 'p', 'q', 'r', 's', 't', 'u', 'v',
   'w', 'x', 'y', 'z', '0', '1', '2', '3', '4', '5', '6', '7', '8', '9', '~', '`',
   '!', '@', '#', '$', '%', '^', '&', '*', '(', ')', '-', '_', '=', '+', '[', '{',
   ']', '}', ';', ':',"'", '"', ',', '<', '.', '>', '/', '?', '¡', '¢', '£', '¥',
   '§', '©', '®', '¿', 'À', 'Á', 'Â', 'Ã', 'Ä', 'Å', 'Æ', 'Ç', 'È', 'É', 'Ê', 'Ë',
   'Ì', 'Í', 'Î', 'Ï', 'Ð', 'Ñ', 'Ò', 'Ó', 'Ô', 'Õ', 'Ö', 'Ø', 'Ù', 'Ú', 'Û', 'Ü',
   'Ý', 'ß', 'à', 'á', 'â', 'ã', 'ä', 'å', 'æ', 'ç', 'è', 'é', 'ê', 'ë', 'ì', 'í',
   'î', 'ï', 'ð', 'ñ', 'ò', 'ó', 'ô', 'õ', 'ö', 'ø', 'ù', 'ú', 'û', 'ü', 'ý', 'ÿ');

Define WidthList
 (  16,  16,  16,  16,  16,  16,  16,  16,  16,  16,  16,  16,  16,  16,  16,  16,
    16,  16,  16,  16,  16,  16,  16,  16,  16,  16,  16,  16,  16,  16,  16,  16,
    16,  16,  16,  16,  16,  16,  16,  16,  16,  16,  16,  16,  16,  16,  16,  16,
    16,  16,  16,  16,  16,  16,  16,  16,  16,  16,  16,  16,  16,  16,  16,  16,
    16,  16,  16,  16,  16,  16,  16,  16,  16,  16,  16,  16,  16,  16,  16,  16,
    16,  16,  16,  16,  16,  16,  16,  16,  16,  16,  16,  16,  16,  16,  16,  16,
    16,  16,  16,  16,  16,  16,  16,  16,  16,  16,  16,  16,  16,  16,  16,  16,
    16,  16,  16,  16,  16,  16,  16,  16,  16,  16,  16,  16,  16,  16,  16,  16,
    16,  16,  16,  16,  16,  16,  16,  16,  16,  16,  16,  16,  16,  16,  16,  16,
    16,  16,  16,  16,  16,  16,  16,  16,  16,  16,  16,  16,  16,  16,  16,  16);

Define RectList
 ( (   0,  0, 24, 33), (  25,  0, 21, 33), (  47,  0, 20, 33), (  68,  0, 21, 33),
   (  90,  0, 20, 33), ( 111,  0, 20, 33), ( 132,  0, 21, 33), ( 154,  0, 22, 33),
   ( 177,  0, 19, 33), ( 197,  0, 21, 33), ( 219,  0, 23, 33), ( 243,  0, 21, 33),
   ( 265,  0, 24, 33), ( 290,  0, 22, 33), ( 313,  0, 20, 33), ( 334,  0, 20, 33),
   ( 355,  0, 20, 33), ( 376,  0, 22, 33), ( 399,  0, 18, 33), ( 418,  0, 21, 33),
   ( 440,  0, 22, 33), ( 463,  0, 23, 33), ( 487,  0, 23, 33), ( 511,  0, 22, 33),
   ( 534,  0, 21, 33), ( 556,  0, 17, 33), ( 574,  0, 20, 33), ( 595,  0, 21, 33),
   ( 617,  0, 20, 33), ( 638,  0, 21, 33), ( 660,  0, 20, 33), ( 681,  0, 20, 33),
   ( 702,  0, 21, 33), ( 724,  0, 20, 33), ( 745,  0, 19, 33), ( 765,  0, 16, 33),
   ( 782,  0, 21, 33), ( 804,  0, 19, 33), ( 824,  0, 25, 33), ( 850,  0, 20, 33),
   ( 871,  0, 20, 33), ( 892,  0, 21, 33), ( 914,  0, 21, 33), ( 936,  0, 20, 33),
   ( 957,  0, 18, 33), ( 976,  0, 19, 33), ( 996,  0, 20, 33), (1017,  0, 21, 33),
   (1039,  0, 23, 33), (1063,  0, 20, 33), (1084,  0, 22, 33), (1107,  0, 17, 33),
   (1125,  0, 18, 33), (1144,  0, 19, 33), (1164,  0, 18, 33), (1183,  0, 18, 33),
   (1202,  0, 18, 33), (1221,  0, 18, 33), (1240,  0, 18, 33), (1259,  0, 17, 33),
   (1277,  0, 18, 33), (1296,  0, 18, 33), (1315,  0, 19, 33), (1335,  0, 11, 33),
   (1347,  0, 11, 33), (1359,  0, 18, 33), (1378,  0, 20, 33), (1399,  0, 18, 33),
   (1418,  0, 18, 33), (1437,  0, 17, 33), (1455,  0, 18, 33), (1474,  0, 17, 33),
   (1492,  0, 12, 33), (1505,  0, 12, 33), (1518,  0, 17, 33), (1536,  0, 24, 33),
   (1561,  0, 21, 33), (1583,  0, 21, 33), (1605,  0, 13, 33), (1619,  0, 12, 33),
   (1632,  0, 13, 33), (1646,  0, 12, 33), (1659,  0, 12, 33), (1672,  0, 10, 33),
   (1683,  0,  9, 33), (1693,  0, 14, 33), (1708,  0, 11, 33), (1720,  0, 21, 33),
   (1742,  0, 10, 33), (1753,  0, 21, 33), (1775,  0, 18, 33), (1794,  0, 17, 33),
   (1812,  0, 11, 33), (1824,  0, 17, 33), (1842,  0, 20, 33), (1863,  0, 21, 33),
   (1885,  0, 20, 33), (1906,  0, 22, 33), (1929,  0, 22, 33), (1952,  0, 17, 33),
   (1970,  0, 24, 33), (1995,  0, 24, 33), (2020,  0, 24, 33), (2045,  0, 24, 33),
   (2070,  0, 24, 33), (2095,  0, 24, 33), (2120,  0, 24, 33), (2145,  0, 20, 33),
   (2166,  0, 20, 33), (2187,  0, 20, 33), (2208,  0, 20, 33), (2229,  0, 20, 33),
   (2250,  0, 19, 33), (2270,  0, 19, 33), (2290,  0, 19, 33), (2310,  0, 19, 33),
   (2330,  0, 22, 33), (2353,  0, 22, 33), (2376,  0, 20, 33), (2397,  0, 20, 33),
   (2418,  0, 20, 33), (2439,  0, 20, 33), (2460,  0, 20, 33), (2481,  0, 20, 33),
   (2502,  0, 22, 33), (2525,  0, 22, 33), (2548,  0, 22, 33), (2571,  0, 22, 33),
   (2594,  0, 21, 33), (2616,  0, 20, 33), (2637,  0, 20, 33), (2658,  0, 20, 33),
   (2679,  0, 20, 33), (2700,  0, 20, 33), (2721,  0, 20, 33), (2742,  0, 20, 33),
   (2763,  0, 23, 33), (2787,  0, 20, 33), (2808,  0, 20, 33), (2829,  0, 20, 33),
   (2850,  0, 20, 33), (2871,  0, 20, 33), (2892,  0, 19, 33), (2912,  0, 19, 33),
   (2932,  0, 19, 33), (2952,  0, 19, 33), (2972,  0, 19, 33), (2992,  0, 20, 33),
   (3013,  0, 20, 33), (3034,  0, 20, 33), (3055,  0, 20, 33), (3076,  0, 20, 33),
   (3097,  0, 20, 33), (3118,  0, 20, 33), (3139,  0, 20, 33), (3160,  0, 20, 33),
   (3181,  0, 20, 33), (3202,  0, 20, 33), (3223,  0, 22, 33), (3246,  0, 22, 33));

Define OffsetList
 ( (-4, 0), (-3, 0), (-2, 0), (-3, 0), (-3, 0), (-2, 0), (-2, 0), (-3, 0),
   (-2, 0), (-1, 0), (-3, 0), (-3, 0), (-4, 0), (-3, 0), (-2, 0), (-2, 0),
   (-2, 0), (-3, 0), (-1, 0), (-3, 0), (-3, 0), (-3, 0), (-3, 0), (-3, 0),
   (-2, 0), (-1, 0), (-2, 0), (-3, 0), (-2, 0), (-2, 0), (-2, 0), (-2, 0),
   (-2, 0), (-2, 0), (-1, 0), (-1, 0), (-2, 0), (-1, 0), (-4, 0), (-2, 0),
   (-2, 0), (-3, 0), (-2, 0), (-2, 0), (-1, 0), (-1, 0), (-2, 0), (-2, 0),
   (-4, 0), (-2, 0), (-3, 0), (-1, 0), (-1, 0), (-1, 0), (-2, 0), (-1, 0),
   (-1, 0), (-1, 0), (-1, 0), (-1, 0), (-1, 0), (-1, 0), (-2, 0), ( 2, 0),
   ( 3, 0), (-1, 0), (-3, 0), (-1, 0), (-1, 0), (-1, 0), ( 0, 0), ( 0, 0),
   ( 4, 0), ( 0, 0), (-1, 0), (-4, 0), (-3, 0), (-2, 0), ( 3, 0), ( 1, 0),
   (-1, 0), ( 2, 0), ( 2, 0), ( 3, 0), ( 3, 0), ( 0, 0), ( 3, 0), (-4, 0),
   ( 3, 0), (-2, 0), (-1, 0), (-1, 0), ( 3, 0), (-1, 0), (-2, 0), (-3, 0),
   (-2, 0), (-3, 0), (-3, 0), (-1, 0), (-4, 0), (-4, 0), (-4, 0), (-4, 0),
   (-4, 0), (-4, 0), (-4, 0), (-2, 0), (-3, 0), (-3, 0), (-3, 0), (-3, 0),
   (-2, 0), (-2, 0), (-2, 0), (-2, 0), (-4, 0), (-3, 0), (-2, 0), (-2, 0),
   (-2, 0), (-2, 0), (-2, 0), (-2, 0), (-3, 0), (-3, 0), (-3, 0), (-3, 0),
   (-2, 0), (-3, 0), (-2, 0), (-2, 0), (-2, 0), (-2, 0), (-2, 0), (-2, 0),
   (-4, 0), (-2, 0), (-2, 0), (-2, 0), (-2, 0), (-2, 0), (-1, 0), (-1, 0),
   (-1, 0), (-1, 0), (-2, 0), (-2, 0), (-2, 0), (-2, 0), (-2, 0), (-2, 0),
   (-2, 0), (-2, 0), (-2, 0), (-2, 0), (-2, 0), (-2, 0), (-3, 0), (-3, 0));

CreateLayer               Main;
LayerSetImage             Main '../fonts/CourierFinalDraft20Bold';
LayerSetAscent            Main 24;
LayerSetCharWidths        Main CharList WidthList;
LayerSetCharWidths        Main (' ') (16);
LayerSetImageMap          Main CharList RectList;
LayerSetCharOffsets       Main CharList OffsetList;
LayerSetAscentPadding     Main 3;
LayerSetLineSpacingOffset Main -3;
LayerSetPointSize         Main 20;

SetDefaultPointSize  20;
