Define CharList
 ( 'A', 'B', 'C', 'D', 'E', 'F', 'G', 'H', 'I', 'J', 'K', 'L', 'M', 'N', 'O', 'P',
   'Q', 'R', 'S', 'T', 'U', 'V', 'W', 'X', 'Y', 'Z', 'a', 'b', 'c', 'd', 'e', 'f',
   'g', 'h', 'i', 'j', 'k', 'l', 'm', 'n', 'o', 'p', 'q', 'r', 's', 't', 'u', 'v',
   'w', 'x', 'y', 'z', '0', '1', '2', '3', '4', '5', '6', '7', '8', '9', '~', '`',
   '!', '@', '#', '$', '%', '^', '&', '*', '(', ')', '-', '_', '=', '+', '[', '{',
   ']', '}', ';', ':',"'", '"', ',', '<', '.', '>', '/', '?', '¡', '¢', '£', '¥',
   '§', '©', '®', '¿', 'À', 'Á', 'Â', 'Ã', 'Ä', 'Å', 'Æ', 'Ç', 'È', 'É', 'Ê', 'Ë',
   'Ì', 'Í', 'Î', 'Ï', 'Ð', 'Ñ', 'Ò', 'Ó', 'Ô', 'Õ', 'Ö', 'Ø', 'Ù', 'Ú', 'Û', 'Ü',
   'Ý', 'ß', 'à', 'á', 'â', 'ã', 'ä', 'å', 'æ', 'ç', 'è', 'é', 'ê', 'ë', 'ì', 'í',
   'î', 'ï', 'ð', 'ñ', 'ò', 'ó', 'ô', 'õ', 'ö', 'ø', 'ù', 'ú', 'û', 'ü', 'ý', 'ÿ');

Define WidthList
 (  23,  21,  23,  22,  23,  23,  22,  24,  12,  12,  23,  21,  25,  22,  21,  21,
    21,  24,  24,  23,  25,  25,  31,  26,  24,  24,  20,  19,  23,  21,  21,  17,
    20,  21,  12,  12,  23,  21,  33,  25,  21,  21,  18,  21,  24,  19,  25,  25,
    33,  26,  24,  24,  19,  16,  25,  21,  23,  21,  18,  19,  23,  18,  21,  10,
    11,  22,  14,  22,  22,  16,  20,  16,  14,  14,  13,  21,  15,  16,   9,   9,
    10,  10,   8,   8,   8,  16,   8,  14,   7,  16,  20,  22,   9,  17,  16,  22,
    10,  24,  24,  20,  20,  20,  20,  20,  20,  20,  32,  20,  20,  20,  20,  20,
     8,   8,   7,   7,  20,  20,  20,  20,  20,  20,  20,  20,  20,  20,  20,  20,
    20,  20,  20,  20,  20,  20,  20,  20,  31,  20,  20,  20,  20,  20,   8,   8,
     7,   7,  20,  20,  20,  20,  20,  20,  20,  20,  20,  20,  20,  20,  20,  20);

Define RectList
 ( (   0,  0, 21, 34), (  22,  0, 19, 34), (  42,  0, 23, 34), (  66,  0, 20, 34),
   (  87,  0, 22, 34), ( 110,  0, 22, 34), ( 133,  0, 21, 34), ( 155,  0, 22, 34),
   ( 178,  0, 10, 34), ( 189,  0, 11, 34), ( 201,  0, 22, 34), ( 224,  0, 18, 34),
   ( 243,  0, 24, 34), ( 268,  0, 20, 34), ( 289,  0, 18, 34), ( 308,  0, 18, 34),
   ( 327,  0, 25, 34), ( 353,  0, 25, 34), ( 379,  0, 23, 34), ( 403,  0, 21, 34),
   ( 425,  0, 24, 34), ( 450,  0, 25, 34), ( 476,  0, 31, 34), ( 508,  0, 25, 34),
   ( 534,  0, 24, 34), ( 559,  0, 21, 34), ( 581,  0, 18, 34), ( 600,  0, 19, 34),
   ( 620,  0, 23, 34), ( 644,  0, 19, 34), ( 664,  0, 22, 34), ( 687,  0, 15, 34),
   ( 703,  0, 18, 34), ( 722,  0, 19, 34), ( 742,  0, 10, 34), ( 753,  0, 10, 34),
   ( 764,  0, 22, 34), ( 787,  0, 18, 34), ( 806,  0, 31, 34), ( 838,  0, 23, 34),
   ( 862,  0, 18, 34), ( 881,  0, 19, 34), ( 901,  0, 20, 34), ( 922,  0, 20, 34),
   ( 943,  0, 23, 34), ( 967,  0, 17, 34), ( 985,  0, 24, 34), (1010,  0, 25, 34),
   (1036,  0, 32, 34), (1069,  0, 25, 34), (1095,  0, 24, 34), (1120,  0, 21, 34),
   (1142,  0, 17, 34), (1160,  0, 13, 34), (1174,  0, 23, 34), (1198,  0, 20, 34),
   (1219,  0, 22, 34), (1242,  0, 20, 34), (1263,  0, 16, 34), (1280,  0, 17, 34),
   (1298,  0, 21, 34), (1320,  0, 16, 34), (1337,  0, 21, 34), (1359,  0,  8, 34),
   (1368,  0,  9, 34), (1378,  0, 19, 34), (1398,  0, 12, 34), (1411,  0, 21, 34),
   (1433,  0, 21, 34), (1455,  0, 14, 34), (1470,  0, 26, 34), (1497,  0, 15, 34),
   (1513,  0, 13, 34), (1527,  0, 12, 34), (1540,  0, 10, 34), (1551,  0, 19, 34),
   (1571,  0, 14, 34), (1586,  0, 15, 34), (1602,  0,  8, 34), (1611,  0,  8, 34),
   (1620,  0,  8, 34), (1629,  0,  8, 34), (1638,  0,  8, 34), (1647,  0,  7, 34),
   (1655,  0,  6, 34), (1662,  0, 13, 34), (1676,  0,  7, 34), (1684,  0, 13, 34),
   (1698,  0,  5, 34), (1704,  0, 15, 34), (1720,  0, 18, 34), (1739,  0, 21, 34),
   (1761,  0,  9, 34), (1771,  0, 22, 34), (1794,  0, 15, 34), (1810,  0,  0, 34),
   (1811,  0,  0, 34), (1812,  0, 22, 34), (1835,  0, 22, 34), (1858,  0, 21, 34),
   (1880,  0, 21, 34), (1902,  0, 21, 34), (1924,  0, 21, 34), (1946,  0, 21, 34),
   (1968,  0, 21, 34), (1990,  0, 21, 34), (2012,  0, 34, 34), (2047,  0, 22, 34),
   (2070,  0, 21, 34), (2092,  0, 21, 34), (2114,  0, 21, 34), (2136,  0, 21, 34),
   (2158,  0,  9, 34), (2168,  0,  9, 34), (2178,  0, 10, 34), (2189,  0, 10, 34),
   (2200,  0, 22, 34), (2223,  0, 20, 34), (2244,  0, 18, 34), (2263,  0, 18, 34),
   (2282,  0, 18, 34), (2301,  0, 18, 34), (2320,  0, 18, 34), (2339,  0, 19, 34),
   (2359,  0, 24, 34), (2384,  0, 24, 34), (2409,  0, 24, 34), (2434,  0, 24, 34),
   (2459,  0, 24, 34), (2484,  0, 17, 34), (2502,  0, 18, 34), (2521,  0, 18, 34),
   (2540,  0, 18, 34), (2559,  0, 18, 34), (2578,  0, 18, 34), (2597,  0, 18, 34),
   (2616,  0, 32, 34), (2649,  0, 22, 34), (2672,  0, 22, 34), (2695,  0, 22, 34),
   (2718,  0, 22, 34), (2741,  0, 22, 34), (2764,  0,  9, 34), (2774,  0,  9, 34),
   (2784,  0, 10, 34), (2795,  0, 10, 34), (2806,  0,  0, 34), (2807,  0, 23, 34),
   (2831,  0, 18, 34), (2850,  0, 18, 34), (2869,  0, 18, 34), (2888,  0, 18, 34),
   (2907,  0, 18, 34), (2926,  0, 18, 34), (2945,  0, 23, 34), (2969,  0, 23, 34),
   (2993,  0, 23, 34), (3017,  0, 23, 34), (3041,  0, 24, 34), (3066,  0, 24, 34));

Define OffsetList
 ( ( 1, 0), ( 1, 0), ( 0, 0), ( 1, 0), ( 1, 0), ( 1, 0), ( 0, 0), ( 1, 0),
   ( 1, 0), ( 0, 0), ( 1, 0), ( 1, 0), ( 0, 0), ( 1, 0), ( 1, 0), ( 1, 0),
   (-1, 0), ( 0, 0), ( 0, 0), ( 1, 0), ( 0, 0), ( 0, 0), ( 0, 0), ( 0, 0),
   ( 0, 0), ( 1, 0), ( 1, 0), ( 0, 0), ( 0, 0), ( 1, 0), ( 0, 0), ( 1, 0),
   ( 1, 0), ( 1, 0), ( 1, 0), ( 1, 0), ( 1, 0), ( 1, 0), ( 1, 0), ( 1, 0),
   ( 1, 0), ( 1, 0), ( 0, 0), ( 0, 0), ( 0, 0), ( 1, 0), ( 1, 0), ( 0, 0),
   ( 0, 0), ( 0, 0), ( 0, 0), ( 1, 0), ( 1, 0), ( 1, 0), ( 1, 0), ( 1, 0),
   ( 0, 0), ( 0, 0), ( 1, 0), ( 1, 0), ( 1, 0), ( 1, 0), ( 0, 0), ( 1, 0),
   ( 1, 0), ( 1, 0), ( 1, 0), ( 0, 0), ( 0, 0), ( 1, 0), ( 0, 0), ( 1, 0),
   ( 1, 0), ( 1, 0), ( 1, 0), ( 1, 0), ( 1, 0), ( 0, 0), ( 1, 0), ( 1, 0),
   ( 1, 0), ( 1, 0), ( 0, 0), ( 1, 0), ( 1, 0), ( 1, 0), ( 1, 0), ( 1, 0),
   ( 1, 0), ( 0, 0), ( 1, 0), ( 0, 0), ( 0, 0), ( 0, 0), ( 1, 0), (256, 0),
   (256, 0), ( 1, 0), ( 1, 0), (-2, 0), ( 1, 0), ( 1, 0), ( 1, 0), ( 1, 0),
   ( 1, 0), ( 1, 0), ( 1, 0), ( 0, 0), ( 1, 0), ( 1, 0), ( 1, 0), ( 1, 0),
   ( 0, 0), ( 0, 0), (-2, 0), (-2, 0), ( 0, 0), ( 0, 0), ( 1, 0), ( 1, 0),
   ( 1, 0), ( 1, 0), ( 1, 0), ( 1, 0), ( 0, 0), ( 0, 0), ( 0, 0), ( 0, 0),
   ( 0, 0), ( 1, 0), ( 1, 0), ( 1, 0), ( 1, 0), ( 1, 0), ( 1, 0), ( 1, 0),
   ( 1, 0), ( 0, 0), ( 0, 0), ( 0, 0), ( 0, 0), ( 0, 0), ( 0, 0), ( 0, 0),
   (-2, 0), (-2, 0), (256, 0), ( 1, 0), ( 1, 0), ( 1, 0), ( 1, 0), ( 1, 0),
   ( 1, 0), ( 2, 0), ( 1, 0), ( 1, 0), ( 1, 0), ( 1, 0), ( 0, 0), ( 0, 0));

CreateLayer               Main;
LayerSetImage             Main '../fonts/Lockergnome24';
LayerSetAscent            Main 27;
LayerSetCharWidths        Main CharList WidthList;
LayerSetCharWidths        Main (' ') (13);
LayerSetImageMap          Main CharList RectList;
LayerSetCharOffsets       Main CharList OffsetList;
LayerSetAscentPadding     Main 0;
LayerSetLineSpacingOffset Main 0;
LayerSetPointSize         Main 24;

SetDefaultPointSize  24;
