Define CharList
 ( 'A', 'B', 'C', 'D', 'E', 'F', 'G', 'H', 'I', 'J', 'K', 'L', 'M', 'N', 'O', 'P',
   'Q', 'R', 'S', 'T', 'U', 'V', 'W', 'X', 'Y', 'Z', 'a', 'b', 'c', 'd', 'e', 'f',
   'g', 'h', 'i', 'j', 'k', 'l', 'm', 'n', 'o', 'p', 'q', 'r', 's', 't', 'u', 'v',
   'w', 'x', 'y', 'z', '0', '1', '2', '3', '4', '5', '6', '7', '8', '9', '~', '`',
   '!', '@', '#', '$', '%', '^', '&', '*', '(', ')', '-', '_', '=', '+', '[', '{',
   ']', '}', ';', ':',"'", '"', ',', '<', '.', '>', '/', '?', '¡', '¢', '£', '¥',
   '§', '©', '®', '¿', 'À', 'Á', 'Â', 'Ã', 'Ä', 'Å', 'Æ', 'Ç', 'È', 'É', 'Ê', 'Ë',
   'Ì', 'Í', 'Î', 'Ï', 'Ð', 'Ñ', 'Ò', 'Ó', 'Ô', 'Õ', 'Ö', 'Ø', 'Ù', 'Ú', 'Û', 'Ü',
   'Ý', 'ß', 'à', 'á', 'â', 'ã', 'ä', 'å', 'æ', 'ç', 'è', 'é', 'ê', 'ë', 'ì', 'í',
   'î', 'ï', 'ð', 'ñ', 'ò', 'ó', 'ô', 'õ', 'ö', 'ø', 'ù', 'ú', 'û', 'ü', 'ý', 'ÿ');

Define WidthList
 (  13,  13,  14,  13,  14,  13,  13,  14,   7,   7,  14,  12,  15,  13,  13,  12,
    13,  14,  14,  13,  15,  15,  19,  15,  14,  14,  12,  12,  14,  13,  13,  10,
    12,  12,   7,   7,  14,  12,  20,  15,  13,  12,  11,  12,  14,  11,  15,  15,
    20,  15,  14,  14,  11,   9,  15,  12,  14,  12,  10,  11,  13,  10,  13,   6,
     6,  13,   9,  13,  13,  10,  15,  10,   8,   8,   8,  13,   9,  10,   5,   5,
     6,   6,   5,   5,   5,   9,   5,   8,   4,  10,  12,  13,   5,  10,   9,  13,
     6,  14,  14,  12,  12,  12,  12,  12,  12,  12,  19,  12,  12,  12,  12,  12,
     5,   5,   4,   4,  12,  12,  12,  12,  12,  12,  12,  12,  12,  12,  12,  12,
    12,  12,  12,  12,  12,  12,  12,  12,  19,  12,  12,  12,  12,  12,   5,   5,
     4,   4,  12,  12,  12,  12,  12,  12,  12,  12,  12,  12,  12,  12,  12,  12);

Define RectList
 ( (   0,  0, 23, 30), (  24,  0, 21, 30), (  46,  0, 23, 30), (  70,  0, 22, 30),
   (  93,  0, 23, 30), ( 117,  0, 22, 30), ( 140,  0, 22, 30), ( 163,  0, 23, 30),
   ( 187,  0, 16, 30), ( 204,  0, 16, 30), ( 221,  0, 23, 30), ( 245,  0, 21, 30),
   ( 267,  0, 25, 30), ( 293,  0, 22, 30), ( 316,  0, 21, 30), ( 338,  0, 21, 30),
   ( 360,  0, 25, 30), ( 386,  0, 25, 30), ( 412,  0, 24, 30), ( 437,  0, 23, 30),
   ( 461,  0, 24, 30), ( 486,  0, 25, 30), ( 512,  0, 28, 30), ( 541,  0, 25, 30),
   ( 567,  0, 25, 30), ( 593,  0, 23, 30), ( 617,  0, 21, 30), ( 639,  0, 21, 30),
   ( 661,  0, 23, 30), ( 685,  0, 22, 30), ( 708,  0, 23, 30), ( 732,  0, 19, 30),
   ( 752,  0, 21, 30), ( 774,  0, 22, 30), ( 797,  0, 16, 30), ( 814,  0, 16, 30),
   ( 831,  0, 22, 30), ( 854,  0, 21, 30), ( 876,  0, 29, 30), ( 906,  0, 24, 30),
   ( 931,  0, 21, 30), ( 953,  0, 21, 30), ( 975,  0, 22, 30), ( 998,  0, 22, 30),
   (1021,  0, 24, 30), (1046,  0, 20, 30), (1067,  0, 24, 30), (1092,  0, 25, 30),
   (1118,  0, 29, 30), (1148,  0, 25, 30), (1174,  0, 25, 30), (1200,  0, 23, 30),
   (1224,  0, 20, 30), (1245,  0, 18, 30), (1264,  0, 24, 30), (1289,  0, 22, 30),
   (1312,  0, 24, 30), (1337,  0, 22, 30), (1360,  0, 20, 30), (1381,  0, 20, 30),
   (1402,  0, 23, 30), (1426,  0, 20, 30), (1447,  0, 22, 30), (1470,  0, 15, 30),
   (1486,  0, 15, 30), (1502,  0, 21, 30), (1524,  0, 17, 30), (1542,  0, 23, 30),
   (1566,  0, 23, 30), (1590,  0, 18, 30), (1609,  0, 25, 30), (1635,  0, 19, 30),
   (1655,  0, 17, 30), (1673,  0, 17, 30), (1691,  0, 16, 30), (1708,  0, 22, 30),
   (1731,  0, 18, 30), (1750,  0, 19, 30), (1770,  0, 15, 30), (1786,  0, 15, 30),
   (1802,  0, 15, 30), (1818,  0, 15, 30), (1834,  0, 14, 30), (1849,  0, 14, 30),
   (1864,  0, 13, 30), (1878,  0, 18, 30), (1897,  0, 14, 30), (1912,  0, 18, 30),
   (1931,  0, 14, 30), (1946,  0, 19, 30), (1966,  0, 21, 30), (1988,  0, 22, 30),
   (2011,  0, 16, 30), (2028,  0, 23, 30), (2052,  0, 19, 30), (2072,  0, 10, 30),
   (2083,  0, 10, 30), (2094,  0, 23, 30), (2118,  0, 23, 30), (2142,  0, 22, 30),
   (2165,  0, 23, 30), (2189,  0, 23, 30), (2213,  0, 23, 30), (2237,  0, 23, 30),
   (2261,  0, 23, 30), (2285,  0, 23, 30), (2309,  0, 31, 30), (2341,  0, 23, 30),
   (2365,  0, 23, 30), (2389,  0, 23, 30), (2413,  0, 23, 30), (2437,  0, 23, 30),
   (2461,  0, 16, 30), (2478,  0, 16, 30), (2495,  0, 16, 30), (2512,  0, 17, 30),
   (2530,  0, 23, 30), (2554,  0, 22, 30), (2577,  0, 21, 30), (2599,  0, 21, 30),
   (2621,  0, 21, 30), (2643,  0, 21, 30), (2665,  0, 21, 30), (2687,  0, 21, 30),
   (2709,  0, 24, 30), (2734,  0, 24, 30), (2759,  0, 24, 30), (2784,  0, 24, 30),
   (2809,  0, 25, 30), (2835,  0, 20, 30), (2856,  0, 21, 30), (2878,  0, 21, 30),
   (2900,  0, 21, 30), (2922,  0, 21, 30), (2944,  0, 21, 30), (2966,  0, 21, 30),
   (2988,  0, 30, 30), (3019,  0, 23, 30), (3043,  0, 23, 30), (3067,  0, 23, 30),
   (3091,  0, 23, 30), (3115,  0, 23, 30), (3139,  0, 16, 30), (3156,  0, 16, 30),
   (3173,  0, 16, 30), (3190,  0, 17, 30), (3208,  0, 10, 30), (3219,  0, 24, 30),
   (3244,  0, 21, 30), (3266,  0, 21, 30), (3288,  0, 21, 30), (3310,  0, 21, 30),
   (3332,  0, 21, 30), (3354,  0, 21, 30), (3376,  0, 24, 30), (3401,  0, 24, 30),
   (3426,  0, 24, 30), (3451,  0, 24, 30), (3476,  0, 25, 30), (3502,  0, 25, 30));

Define OffsetList
 ( (-5, 0), (-4, 0), (-5, 0), (-5, 0), (-5, 0), (-4, 0), (-5, 0), (-5, 0),
   (-5, 0), (-5, 0), (-5, 0), (-4, 0), (-5, 0), (-5, 0), (-4, 0), (-4, 0),
   (-6, 0), (-5, 0), (-5, 0), (-5, 0), (-5, 0), (-5, 0), (-5, 0), (-5, 0),
   (-5, 0), (-4, 0), (-5, 0), (-5, 0), (-5, 0), (-4, 0), (-5, 0), (-4, 0),
   (-5, 0), (-5, 0), (-5, 0), (-5, 0), (-4, 0), (-4, 0), (-5, 0), (-5, 0),
   (-4, 0), (-5, 0), (-5, 0), (-5, 0), (-5, 0), (-5, 0), (-5, 0), (-5, 0),
   (-5, 0), (-5, 0), (-5, 0), (-4, 0), (-5, 0), (-5, 0), (-5, 0), (-5, 0),
   (-5, 0), (-5, 0), (-5, 0), (-5, 0), (-5, 0), (-5, 0), (-5, 0), (-5, 0),
   (-5, 0), (-4, 0), (-4, 0), (-5, 0), (-5, 0), (-4, 0), (-5, 0), (-5, 0),
   (-5, 0), (-5, 0), (-4, 0), (-4, 0), (-5, 0), (-5, 0), (-5, 0), (-5, 0),
   (-5, 0), (-5, 0), (-5, 0), (-5, 0), (-4, 0), (-4, 0), (-5, 0), (-5, 0),
   (-5, 0), (-5, 0), (-5, 0), (-5, 0), (-5, 0), (-5, 0), (-5, 0), (251, 0),
   (251, 0), (-5, 0), (-5, 0), (-6, 0), (-5, 0), (-5, 0), (-5, 0), (-5, 0),
   (-5, 0), (-5, 0), (-5, 0), (-5, 0), (-5, 0), (-5, 0), (-5, 0), (-5, 0),
   (-6, 0), (-6, 0), (-6, 0), (-7, 0), (-5, 0), (-5, 0), (-4, 0), (-4, 0),
   (-4, 0), (-4, 0), (-4, 0), (-4, 0), (-5, 0), (-5, 0), (-5, 0), (-5, 0),
   (-5, 0), (-4, 0), (-5, 0), (-5, 0), (-5, 0), (-5, 0), (-5, 0), (-5, 0),
   (-5, 0), (-5, 0), (-5, 0), (-5, 0), (-5, 0), (-5, 0), (-6, 0), (-6, 0),
   (-6, 0), (-7, 0), (251, 0), (-5, 0), (-4, 0), (-4, 0), (-4, 0), (-4, 0),
   (-4, 0), (-4, 0), (-5, 0), (-5, 0), (-5, 0), (-5, 0), (-5, 0), (-5, 0));

CreateLayer               Main;
LayerSetImage             Main '../fonts/Lockergnome14Outline';
LayerSetAscent            Main 21;
LayerSetCharWidths        Main CharList WidthList;
LayerSetCharWidths        Main (' ') (8);
LayerSetImageMap          Main CharList RectList;
LayerSetCharOffsets       Main CharList OffsetList;
LayerSetAscentPadding     Main 7;
LayerSetLineSpacingOffset Main -5;
LayerSetPointSize         Main 14;

SetDefaultPointSize  14;
