Define Charlist
 ('A', 'B', 'C', 'D', 'E', 'F', 'G', 'H', 'I', 'J', 'K', 'L', 'M', 'N', 'O', 'P', 'Q', 'R', 'S', 'T', 'U', 'V', 'W', 'X', 'Y', 'Z',
  '0', '1', '2', '3', '4', '5', '6', '7', '8', '9', '!', '?', '+', '#', ':', ',', '.', '-', '&', '$', '@', '=' );

Define WidthList
 (29, 27, 30, 28, 30, 30, 27, 30, 18, 19, 29, 27, 33, 28, 27, 27, 28, 33, 31, 29, 32, 33, 39, 33, 32, 30,
  26, 21, 31, 28, 30, 27, 24, 25, 30, 24, 17, 29, 23, 21, 14, 14, 13, 18, 34, 29, 27, 22 );

Define RectList
 ((10,0,29,40) , (46,0,27,40) , (80,0,30,40) , (117,0,28,40) , (151,0,30,40) , (188,0,30,40) , (224,0,27,40) , (258,0,30,40) , (295,0,18,40) , (320,0,19,40) , (346,0,29,40) , (383,0,27,40) , (416,0,33,40) , (456,0,28,40) , (491,0,27,40) , (526,0,27,40) , (559,0,28,40) , (591,0,33,40) , (630,0,31,40) , (667,0,29,40) , (703,0,32,40) , (741,0,33,40) , (780,0,39,40) , (825,0,33,40) , (864,0,32,40) , (903,0,30,40) ,
  (940,0,26,40) , (973,0,21,40) , (1002,0,31,40) , (1040,0,28,40) , (1074,0,30,40) , (1111,0,27,40) , (1145,0,24,40) , (1176,0,25,40) , (1208,0,30,40) , (1244,0,24,40) , (1275,0,17,40) , (1299,0,29,40) , (1334,0,23,40) , (1364,0,21,40) , (1392,0,14,40) , (1414,0,14,40) , (1435,0,13,40) , (1456,0,18,40) , (1481,0,34,40) , (1521,0,29,40) , (1557,0,27,40) , (1591,0,22,40)  );

CreateLayer Main;
LayerSetImage Main '../fonts/LockergnomeSmallColor';
LayerSetImageMap Main CharList RectList;
LayerSetAscent Main 32;
LayerSetCharWidths Main CharList WidthList;
LayerSetCharWidths Main (' ') (20);
