Define CharList
 ( 'A', 'B', 'C', 'D', 'E', 'F', 'G', 'H', 'I', 'J', 'K', 'L', 'M', 'N', 'O', 'P',
   'Q', 'R', 'S', 'T', 'U', 'V', 'W', 'X', 'Y', 'Z', 'a', 'b', 'c', 'd', 'e', 'f',
   'g', 'h', 'i', 'j', 'k', 'l', 'm', 'n', 'o', 'p', 'q', 'r', 's', 't', 'u', 'v',
   'w', 'x', 'y', 'z', '0', '1', '2', '3', '4', '5', '6', '7', '8', '9', '~', '`',
   '!', '@', '#', '$', '%', '^', '&', '*', '(', ')', '-', '_', '=', '+', '[', '{',
   ']', '}', ';', ':',"'", '"', ',', '<', '.', '>', '/', '?', '¡', '¢', '£', '¥',
   '§', '©', '®', '¿', 'À', 'Á', 'Â', 'Ã', 'Ä', 'Å', 'Æ', 'Ç', 'È', 'É', 'Ê', 'Ë',
   'Ì', 'Í', 'Î', 'Ï', 'Ð', 'Ñ', 'Ò', 'Ó', 'Ô', 'Õ', 'Ö', 'Ø', 'Ù', 'Ú', 'Û', 'Ü',
   'Ý', 'ß', 'à', 'á', 'â', 'ã', 'ä', 'å', 'æ', 'ç', 'è', 'é', 'ê', 'ë', 'ì', 'í',
   'î', 'ï', 'ð', 'ñ', 'ò', 'ó', 'ô', 'õ', 'ö', 'ø', 'ù', 'ú', 'û', 'ü', 'ý', 'ÿ');

Define WidthList
 (  17,  16,  17,  16,  17,  17,  16,  18,   9,   9,  18,  16,  19,  16,  16,  16,
    16,  18,  18,  17,  19,  19,  24,  19,  18,  18,  15,  15,  17,  16,  16,  13,
    15,  15,   9,   9,  18,  16,  25,  19,  16,  15,  14,  16,  18,  14,  18,  19,
    25,  19,  18,  18,  14,  12,  19,  15,  18,  16,  13,  14,  17,  13,  16,   8,
     8,  16,  11,  16,  17,  12,  20,  12,  10,  10,  10,  16,  12,  12,   7,   7,
     8,   8,   6,   6,   6,  12,   6,  10,   5,  12,  15,  16,   6,  13,  12,  17,
     8,  18,  18,  15,  15,  15,  15,  15,  15,  15,  24,  15,  15,  15,  15,  15,
     6,   6,   5,   5,  15,  15,  15,  15,  15,  15,  15,  15,  15,  15,  15,  15,
    15,  15,  15,  15,  15,  15,  15,  15,  24,  15,  15,  15,  15,  15,   6,   6,
     5,   5,  15,  15,  15,  15,  15,  15,  15,  15,  15,  15,  15,  15,  15,  15);

Define RectList
 ( (   0,  0, 16, 25), (  17,  0, 14, 25), (  32,  0, 17, 25), (  50,  0, 15, 25),
   (  66,  0, 16, 25), (  83,  0, 17, 25), ( 101,  0, 16, 25), ( 118,  0, 17, 25),
   ( 136,  0,  7, 25), ( 144,  0,  8, 25), ( 153,  0, 16, 25), ( 170,  0, 13, 25),
   ( 184,  0, 18, 25), ( 203,  0, 15, 25), ( 219,  0, 14, 25), ( 234,  0, 14, 25),
   ( 249,  0, 19, 25), ( 269,  0, 19, 25), ( 289,  0, 17, 25), ( 307,  0, 16, 25),
   ( 324,  0, 18, 25), ( 343,  0, 19, 25), ( 363,  0, 23, 25), ( 387,  0, 19, 25),
   ( 407,  0, 18, 25), ( 426,  0, 17, 25), ( 444,  0, 14, 25), ( 459,  0, 14, 25),
   ( 474,  0, 17, 25), ( 492,  0, 15, 25), ( 508,  0, 16, 25), ( 525,  0, 11, 25),
   ( 537,  0, 14, 25), ( 552,  0, 15, 25), ( 568,  0,  7, 25), ( 576,  0,  7, 25),
   ( 584,  0, 15, 25), ( 600,  0, 13, 25), ( 614,  0, 24, 25), ( 639,  0, 18, 25),
   ( 658,  0, 14, 25), ( 673,  0, 14, 25), ( 688,  0, 15, 25), ( 704,  0, 16, 25),
   ( 721,  0, 17, 25), ( 739,  0, 13, 25), ( 753,  0, 18, 25), ( 772,  0, 19, 25),
   ( 792,  0, 24, 25), ( 817,  0, 19, 25), ( 837,  0, 18, 25), ( 856,  0, 17, 25),
   ( 874,  0, 13, 25), ( 888,  0, 10, 25), ( 899,  0, 18, 25), ( 918,  0, 15, 25),
   ( 934,  0, 17, 25), ( 952,  0, 15, 25), ( 968,  0, 12, 25), ( 981,  0, 13, 25),
   ( 995,  0, 16, 25), (1012,  0, 12, 25), (1025,  0, 16, 25), (1042,  0,  6, 25),
   (1049,  0,  7, 25), (1057,  0, 14, 25), (1072,  0,  9, 25), (1082,  0, 16, 25),
   (1099,  0, 16, 25), (1116,  0, 10, 25), (1127,  0, 19, 25), (1147,  0, 11, 25),
   (1159,  0,  9, 25), (1169,  0,  9, 25), (1179,  0,  8, 25), (1188,  0, 15, 25),
   (1204,  0, 11, 25), (1216,  0, 11, 25), (1228,  0,  6, 25), (1235,  0,  6, 25),
   (1242,  0,  6, 25), (1249,  0,  6, 25), (1256,  0,  5, 25), (1262,  0,  5, 25),
   (1268,  0,  4, 25), (1273,  0, 10, 25), (1284,  0,  5, 25), (1290,  0, 10, 25),
   (1301,  0,  5, 25), (1307,  0, 12, 25), (1320,  0, 14, 25), (1335,  0, 15, 25),
   (1351,  0,  7, 25), (1359,  0, 17, 25), (1377,  0, 11, 25), (1389,  0,  0, 25),
   (1390,  0,  0, 25), (1391,  0, 17, 25), (1409,  0, 17, 25), (1427,  0, 16, 25),
   (1444,  0, 16, 25), (1461,  0, 16, 25), (1478,  0, 16, 25), (1495,  0, 16, 25),
   (1512,  0, 16, 25), (1529,  0, 16, 25), (1546,  0, 26, 25), (1573,  0, 17, 25),
   (1591,  0, 16, 25), (1608,  0, 16, 25), (1625,  0, 16, 25), (1642,  0, 16, 25),
   (1659,  0,  7, 25), (1667,  0,  7, 25), (1675,  0,  8, 25), (1684,  0,  9, 25),
   (1694,  0, 16, 25), (1711,  0, 15, 25), (1727,  0, 14, 25), (1742,  0, 14, 25),
   (1757,  0, 14, 25), (1772,  0, 14, 25), (1787,  0, 14, 25), (1802,  0, 14, 25),
   (1817,  0, 18, 25), (1836,  0, 18, 25), (1855,  0, 18, 25), (1874,  0, 18, 25),
   (1893,  0, 18, 25), (1912,  0, 13, 25), (1926,  0, 14, 25), (1941,  0, 14, 25),
   (1956,  0, 14, 25), (1971,  0, 14, 25), (1986,  0, 14, 25), (2001,  0, 14, 25),
   (2016,  0, 23, 25), (2040,  0, 17, 25), (2058,  0, 16, 25), (2075,  0, 16, 25),
   (2092,  0, 16, 25), (2109,  0, 16, 25), (2126,  0,  7, 25), (2134,  0,  7, 25),
   (2142,  0,  8, 25), (2151,  0,  9, 25), (2161,  0,  0, 25), (2162,  0, 18, 25),
   (2181,  0, 14, 25), (2196,  0, 14, 25), (2211,  0, 14, 25), (2226,  0, 14, 25),
   (2241,  0, 14, 25), (2256,  0, 14, 25), (2271,  0, 18, 25), (2290,  0, 18, 25),
   (2309,  0, 18, 25), (2328,  0, 18, 25), (2347,  0, 18, 25), (2366,  0, 18, 25));

Define OffsetList
 ( ( 0, 0), ( 1, 0), ( 0, 0), ( 0, 0), ( 0, 0), ( 0, 0), ( 0, 0), ( 1, 0),
   ( 1, 0), ( 1, 0), ( 1, 0), ( 1, 0), ( 0, 0), ( 0, 0), ( 1, 0), ( 1, 0),
   (-1, 0), ( 0, 0), ( 0, 0), ( 0, 0), ( 0, 0), ( 0, 0), ( 0, 0), ( 0, 0),
   ( 0, 0), ( 0, 0), ( 1, 0), ( 0, 0), ( 0, 0), ( 1, 0), ( 0, 0), ( 1, 0),
   ( 1, 0), ( 0, 0), ( 1, 0), ( 1, 0), ( 1, 0), ( 1, 0), ( 0, 0), ( 0, 0),
   ( 1, 0), ( 0, 0), ( 0, 0), ( 0, 0), ( 0, 0), ( 1, 0), ( 0, 0), ( 0, 0),
   ( 0, 0), ( 0, 0), ( 0, 0), ( 0, 0), ( 0, 0), ( 1, 0), ( 0, 0), ( 0, 0),
   ( 0, 0), ( 0, 0), ( 0, 0), ( 0, 0), ( 0, 0), ( 0, 0), ( 0, 0), ( 1, 0),
   ( 0, 0), ( 1, 0), ( 1, 0), ( 0, 0), ( 0, 0), ( 1, 0), ( 0, 0), ( 0, 0),
   ( 0, 0), ( 0, 0), ( 1, 0), ( 1, 0), ( 1, 0), ( 0, 0), ( 0, 0), ( 0, 0),
   ( 1, 0), ( 1, 0), ( 0, 0), ( 0, 0), ( 1, 0), ( 1, 0), ( 0, 0), ( 0, 0),
   ( 0, 0), ( 0, 0), ( 1, 0), ( 0, 0), ( 0, 0), ( 0, 0), ( 0, 0), (256, 0),
   (256, 0), ( 0, 0), ( 0, 0), (-1, 0), ( 0, 0), ( 0, 0), ( 0, 0), ( 0, 0),
   ( 0, 0), ( 0, 0), ( 0, 0), ( 0, 0), ( 0, 0), ( 0, 0), ( 0, 0), ( 0, 0),
   ( 0, 0), ( 0, 0), (-1, 0), (-2, 0), ( 0, 0), ( 0, 0), ( 1, 0), ( 1, 0),
   ( 1, 0), ( 1, 0), ( 1, 0), ( 1, 0), ( 0, 0), ( 0, 0), ( 0, 0), ( 0, 0),
   ( 0, 0), ( 1, 0), ( 1, 0), ( 1, 0), ( 1, 0), ( 1, 0), ( 1, 0), ( 1, 0),
   ( 1, 0), ( 0, 0), ( 0, 0), ( 0, 0), ( 0, 0), ( 0, 0), ( 0, 0), ( 0, 0),
   (-1, 0), (-2, 0), (256, 0), ( 0, 0), ( 1, 0), ( 1, 0), ( 1, 0), ( 1, 0),
   ( 1, 0), ( 1, 0), ( 0, 0), ( 0, 0), ( 0, 0), ( 0, 0), ( 0, 0), ( 0, 0));

CreateLayer               Main;
LayerSetImage             Main '../fonts/Lockergnome18';
LayerSetAscent            Main 20;
LayerSetCharWidths        Main CharList WidthList;
LayerSetCharWidths        Main (' ') (10);
LayerSetImageMap          Main CharList RectList;
LayerSetCharOffsets       Main CharList OffsetList;
LayerSetAscentPadding     Main 0;
LayerSetLineSpacingOffset Main 0;
LayerSetPointSize         Main 18;

SetDefaultPointSize  18;
