Define CharList
 ( 'A', 'B', 'C', 'D', 'E', 'F', 'G', 'H', 'I', 'J', 'K', 'L', 'M', 'N', 'O', 'P',
   'Q', 'R', 'S', 'T', 'U', 'V', 'W', 'X', 'Y', 'Z', 'a', 'b', 'c', 'd', 'e', 'f',
   'g', 'h', 'i', 'j', 'k', 'l', 'm', 'n', 'o', 'p', 'q', 'r', 's', 't', 'u', 'v',
   'w', 'x', 'y', 'z', '0', '1', '2', '3', '4', '5', '6', '7', '8', '9', '~', '`',
   '!', '@', '#', '$', '%', '^', '&', '*', '(', ')', '-', '_', '=', '+', '[', '{',
   ']', '}', ';', ':',"'", '"', ',', '<', '.', '>', '/', '?', '¡', '¢', '£', '¥',
   '§', '©', '®', '¿', 'À', 'Á', 'Â', 'Ã', 'Ä', 'Å', 'Æ', 'Ç', 'È', 'É', 'Ê', 'Ë',
   'Ì', 'Í', 'Î', 'Ï', 'Ð', 'Ñ', 'Ò', 'Ó', 'Ô', 'Õ', 'Ö', 'Ø', 'Ù', 'Ú', 'Û', 'Ü',
   'Ý', 'ß', 'à', 'á', 'â', 'ã', 'ä', 'å', 'æ', 'ç', 'è', 'é', 'ê', 'ë', 'ì', 'í',
   'î', 'ï', 'ð', 'ñ', 'ò', 'ó', 'ô', 'õ', 'ö', 'ø', 'ù', 'ú', 'û', 'ü', 'ý', 'ÿ');

Define WidthList
 (   8,   7,   8,   9,   7,   7,   9,   9,   3,   5,   7,   6,  11,   9,   9,   7,
     9,   7,   7,   7,   9,   8,  11,   8,   7,   8,   6,   8,   7,   8,   7,   4,
     8,   7,   3,   3,   6,   3,  11,   7,   7,   8,   8,   4,   5,   4,   7,   7,
    10,   6,   7,   6,   7,   7,   7,   7,   7,   7,   7,   7,   7,   7,   8,   4,
     3,  10,   7,   7,  11,   8,  11,   6,   4,   4,   4,   7,   8,   8,   4,   4,
     4,   4,   3,   3,   2,   4,   3,   8,   3,   8,   5,   5,   3,   7,   7,   7,
     7,   9,   7,   5,   8,   8,   8,   8,   8,   8,  11,   8,   7,   7,   7,   7,
     3,   3,   3,   3,   9,   9,   9,   9,   9,   9,   9,   9,   9,   9,   9,   9,
     7,   7,   6,   6,   6,   6,   6,   6,  10,   6,   7,   7,   7,   7,   3,   3,
     3,   3,   7,   7,   7,   7,   7,   7,   7,   7,   7,   7,   7,   7,   7,   7);

Define RectList
 ( (   0,  0,  7, 15), (   8,  0,  5, 15), (  14,  0,  6, 15), (  21,  0,  7, 15),
   (  29,  0,  5, 15), (  35,  0,  5, 15), (  41,  0,  7, 15), (  49,  0,  7, 15),
   (  57,  0,  1, 15), (  59,  0,  4, 15), (  64,  0,  6, 15), (  71,  0,  4, 15),
   (  76,  0,  9, 15), (  86,  0,  7, 15), (  94,  0,  7, 15), ( 102,  0,  5, 15),
   ( 108,  0,  7, 15), ( 116,  0,  5, 15), ( 122,  0,  5, 15), ( 128,  0,  7, 15),
   ( 136,  0,  7, 15), ( 144,  0,  7, 15), ( 152,  0, 11, 15), ( 164,  0,  7, 15),
   ( 172,  0,  7, 15), ( 180,  0,  6, 15), ( 187,  0,  4, 15), ( 192,  0,  6, 15),
   ( 199,  0,  5, 15), ( 205,  0,  6, 15), ( 212,  0,  5, 15), ( 218,  0,  4, 15),
   ( 223,  0,  6, 15), ( 230,  0,  5, 15), ( 236,  0,  1, 15), ( 238,  0,  3, 15),
   ( 242,  0,  5, 15), ( 248,  0,  1, 15), ( 250,  0,  9, 15), ( 260,  0,  5, 15),
   ( 266,  0,  5, 15), ( 272,  0,  6, 15), ( 279,  0,  6, 15), ( 286,  0,  3, 15),
   ( 290,  0,  5, 15), ( 296,  0,  4, 15), ( 301,  0,  5, 15), ( 307,  0,  7, 15),
   ( 315,  0,  9, 15), ( 325,  0,  5, 15), ( 331,  0,  7, 15), ( 339,  0,  6, 15),
   ( 346,  0,  5, 15), ( 352,  0,  3, 15), ( 356,  0,  5, 15), ( 362,  0,  5, 15),
   ( 368,  0,  5, 15), ( 374,  0,  5, 15), ( 380,  0,  5, 15), ( 386,  0,  5, 15),
   ( 392,  0,  5, 15), ( 398,  0,  5, 15), ( 404,  0,  6, 15), ( 411,  0,  2, 15),
   ( 414,  0,  1, 15), ( 416,  0,  8, 15), ( 425,  0,  6, 15), ( 432,  0,  5, 15),
   ( 438,  0, 11, 15), ( 450,  0,  7, 15), ( 458,  0,  7, 15), ( 466,  0,  5, 15),
   ( 472,  0,  3, 15), ( 476,  0,  3, 15), ( 480,  0,  4, 15), ( 485,  0,  7, 15),
   ( 493,  0,  7, 15), ( 501,  0,  7, 15), ( 509,  0,  3, 15), ( 513,  0,  3, 15),
   ( 517,  0,  3, 15), ( 521,  0,  3, 15), ( 525,  0,  2, 15), ( 528,  0,  1, 15),
   ( 530,  0,  1, 15), ( 532,  0,  3, 15), ( 536,  0,  2, 15), ( 539,  0,  7, 15),
   ( 547,  0,  1, 15), ( 549,  0,  7, 15), ( 557,  0,  5, 15), ( 563,  0,  4, 15),
   ( 568,  0,  1, 15), ( 570,  0,  5, 15), ( 576,  0,  6, 15), ( 583,  0,  7, 15),
   ( 591,  0,  5, 15), ( 597,  0,  8, 15), ( 606,  0,  6, 15), ( 613,  0,  4, 15),
   ( 618,  0,  7, 15), ( 626,  0,  7, 15), ( 634,  0,  7, 15), ( 642,  0,  7, 15),
   ( 650,  0,  7, 15), ( 658,  0,  7, 15), ( 666,  0, 10, 15), ( 677,  0,  6, 15),
   ( 684,  0,  5, 15), ( 690,  0,  5, 15), ( 696,  0,  5, 15), ( 702,  0,  5, 15),
   ( 708,  0,  2, 15), ( 711,  0,  2, 15), ( 714,  0,  3, 15), ( 718,  0,  3, 15),
   ( 722,  0,  8, 15), ( 731,  0,  7, 15), ( 739,  0,  7, 15), ( 747,  0,  7, 15),
   ( 755,  0,  7, 15), ( 763,  0,  7, 15), ( 771,  0,  7, 15), ( 779,  0,  7, 15),
   ( 787,  0,  7, 15), ( 795,  0,  7, 15), ( 803,  0,  7, 15), ( 811,  0,  7, 15),
   ( 819,  0,  7, 15), ( 827,  0,  5, 15), ( 833,  0,  4, 15), ( 838,  0,  4, 15),
   ( 843,  0,  4, 15), ( 848,  0,  4, 15), ( 853,  0,  4, 15), ( 858,  0,  4, 15),
   ( 863,  0,  8, 15), ( 872,  0,  4, 15), ( 877,  0,  5, 15), ( 883,  0,  5, 15),
   ( 889,  0,  5, 15), ( 895,  0,  5, 15), ( 901,  0,  2, 15), ( 904,  0,  2, 15),
   ( 907,  0,  3, 15), ( 911,  0,  3, 15), ( 915,  0,  6, 15), ( 922,  0,  5, 15),
   ( 928,  0,  5, 15), ( 934,  0,  5, 15), ( 940,  0,  5, 15), ( 946,  0,  5, 15),
   ( 952,  0,  5, 15), ( 958,  0,  5, 15), ( 964,  0,  5, 15), ( 970,  0,  5, 15),
   ( 976,  0,  5, 15), ( 982,  0,  5, 15), ( 988,  0,  7, 15), ( 996,  0,  7, 15));

Define OffsetList
 ( ( 0, 0), ( 1, 0), ( 1, 0), ( 1, 0), ( 1, 0), ( 1, 0), ( 1, 0), ( 1, 0),
   ( 1, 0), ( 0, 0), ( 1, 0), ( 1, 0), ( 1, 0), ( 1, 0), ( 1, 0), ( 1, 0),
   ( 1, 0), ( 1, 0), ( 1, 0), ( 0, 0), ( 1, 0), ( 0, 0), ( 0, 0), ( 0, 0),
   ( 0, 0), ( 1, 0), ( 1, 0), ( 1, 0), ( 1, 0), ( 1, 0), ( 1, 0), ( 0, 0),
   ( 1, 0), ( 1, 0), ( 1, 0), (-1, 0), ( 1, 0), ( 1, 0), ( 1, 0), ( 1, 0),
   ( 1, 0), ( 1, 0), ( 1, 0), ( 1, 0), ( 0, 0), ( 0, 0), ( 1, 0), ( 0, 0),
   ( 0, 0), ( 0, 0), ( 0, 0), ( 0, 0), ( 1, 0), ( 1, 0), ( 1, 0), ( 1, 0),
   ( 1, 0), ( 1, 0), ( 1, 0), ( 1, 0), ( 1, 0), ( 1, 0), ( 1, 0), ( 1, 0),
   ( 1, 0), ( 1, 0), ( 0, 0), ( 1, 0), ( 0, 0), ( 0, 0), ( 1, 0), ( 0, 0),
   ( 0, 0), ( 0, 0), ( 0, 0), ( 0, 0), ( 0, 0), ( 0, 0), ( 1, 0), ( 0, 0),
   ( 0, 0), ( 1, 0), ( 0, 0), ( 1, 0), ( 0, 0), ( 0, 0), ( 0, 0), ( 0, 0),
   ( 1, 0), ( 0, 0), ( 0, 0), ( 0, 0), ( 1, 0), ( 1, 0), ( 0, 0), ( 0, 0),
   ( 1, 0), ( 0, 0), ( 0, 0), ( 1, 0), ( 0, 0), ( 0, 0), ( 0, 0), ( 0, 0),
   ( 0, 0), ( 0, 0), ( 0, 0), ( 1, 0), ( 1, 0), ( 1, 0), ( 1, 0), ( 1, 0),
   ( 0, 0), ( 1, 0), ( 0, 0), ( 0, 0), ( 0, 0), ( 1, 0), ( 1, 0), ( 1, 0),
   ( 1, 0), ( 1, 0), ( 1, 0), ( 1, 0), ( 1, 0), ( 1, 0), ( 1, 0), ( 1, 0),
   ( 0, 0), ( 1, 0), ( 1, 0), ( 1, 0), ( 1, 0), ( 1, 0), ( 1, 0), ( 1, 0),
   ( 1, 0), ( 1, 0), ( 1, 0), ( 1, 0), ( 1, 0), ( 1, 0), ( 0, 0), ( 1, 0),
   ( 0, 0), ( 0, 0), ( 1, 0), ( 1, 0), ( 1, 0), ( 1, 0), ( 1, 0), ( 1, 0),
   ( 1, 0), ( 1, 0), ( 1, 0), ( 1, 0), ( 1, 0), ( 1, 0), ( 0, 0), ( 0, 0));

Define KerningPairs
 ("(T","(V","(W","(Y","AT","AV","AW","AY","F,","F.","FA","Fa","J)","J]","J}","LC",
  "LG","LO","LQ","LT","LV","LW","LY","P,","P.","PA","T)","T,","T.","TA","TT","TV",
  "TW","T]","Ta","Te","Tm","To","Tr","Ts","Tu","Tw","Ty","T}","V)","V,","V.","VA",
  "V]","Vo","V}","W)","W,","W.","WA","W]","W}","Y)","Y,","Y.","Y;","YA","YT","Y]",
  "Ya","Yd","Ye","Yo","Yq","Yu","Y}","[T","[V","[W","[Y",'f"',"f'","f)","f,","f]",
  "f}","r,","r.","v,","v.","w,","w.","y,","y.","{T","{V","{W","{Y");

Define KerningValues (   1,   1,   1,   1,  -1,  -1,  -1,  -1,  -1,  -1,  -1,  -1,   1,   1,   1,  -1,    -1,  -1,  -1,  -1,  -1,  -1,  -1,  -2,  -2,  -1,   1,  -1,  -1,  -1,   1,   1,     1,   1,  -1,  -1,  -1,  -1,  -1,  -1,  -1,  -1,  -1,   1,   1,  -1,  -1,  -1,     1,  -1,   1,   1,  -1,  -1,  -1,   1,   1,   1,  -1,  -1,  -1,  -1,   1,   1,    -1,  -1,  -1,  -1,  -1,  -1,   1,   1,   1,   1,   1,   1,   1,   1,  -1,   1,     1,  -1,  -1,  -1,  -1,  -1,  -1,  -1,  -1,   1,   1,   1,   1);

CreateLayer               Main;
LayerSetImage             Main '../fonts/MyriadWeb10';
LayerSetAscent            Main 12;
LayerSetCharWidths        Main CharList WidthList;
LayerSetCharWidths        Main (' ') (3);
LayerSetKerningPairs      Main KerningPairs KerningValues;
LayerSetImageMap          Main CharList RectList;
LayerSetCharOffsets       Main CharList OffsetList;
LayerSetAscentPadding     Main 0;
LayerSetLineSpacingOffset Main 0;
LayerSetPointSize         Main 10;

SetDefaultPointSize  10;
