Define CharList
 ( 'A', 'B', 'C', 'D', 'E', 'F', 'G', 'H', 'I', 'J', 'K', 'L', 'M', 'N', 'O', 'P',
   'Q', 'R', 'S', 'T', 'U', 'V', 'W', 'X', 'Y', 'Z', 'a', 'b', 'c', 'd', 'e', 'f',
   'g', 'h', 'i', 'j', 'k', 'l', 'm', 'n', 'o', 'p', 'q', 'r', 's', 't', 'u', 'v',
   'w', 'x', 'y', 'z', '0', '1', '2', '3', '4', '5', '6', '7', '8', '9', '~', '`',
   '!', '@', '#', '$', '%', '^', '&', '*', '(', ')', '-', '_', '=', '+', '[', '{',
   ']', '}', ';', ':',"'", '"', ',', '<', '.', '>', '/', '?', '¡', '¢', '£', '¥',
   '§', '©', '®', '¿', 'À', 'Á', 'Â', 'Ã', 'Ä', 'Å', 'Æ', 'Ç', 'È', 'É', 'Ê', 'Ë',
   'Ì', 'Í', 'Î', 'Ï', 'Ð', 'Ñ', 'Ò', 'Ó', 'Ô', 'Õ', 'Ö', 'Ø', 'Ù', 'Ú', 'Û', 'Ü',
   'Ý', 'ß', 'à', 'á', 'â', 'ã', 'ä', 'å', 'æ', 'ç', 'è', 'é', 'ê', 'ë', 'ì', 'í',
   'î', 'ï', 'ð', 'ñ', 'ò', 'ó', 'ô', 'õ', 'ö', 'ø', 'ù', 'ú', 'û', 'ü', 'ý', 'ÿ');

Define WidthList
 (  11,  10,  10,  11,   9,   9,  11,  11,   4,   7,  10,   8,  14,  11,  12,  10,
    12,  10,   9,   9,  11,  11,  15,  10,  10,  10,   9,  10,   7,  10,   8,   6,
    10,  10,   5,   5,   9,   5,  14,  10,   9,  10,  10,   6,   7,   6,  10,   9,
    12,   9,   9,   7,   9,   9,   9,   9,   9,   9,   9,   9,   9,   9,  10,   5,
     4,  12,   9,   9,  15,  10,  15,   7,   5,   5,   5,   8,  10,  10,   5,   5,
     5,   5,   4,   4,   3,   6,   4,  10,   4,  10,   5,   7,   4,   9,   9,   9,
     9,  11,   8,   7,  11,  11,  11,  11,  11,  11,  14,  10,   9,   9,   9,   9,
     4,   4,   4,   4,  12,  11,  12,  12,  12,  12,  12,  12,  11,  11,  11,  11,
    10,  10,   9,   9,   9,   9,   9,   9,  13,   7,   8,   8,   8,   8,   5,   5,
     5,   5,   9,  10,   9,   9,   9,   9,   9,   9,  10,  10,  10,  10,   9,   9);

Define RectList
 ( (   0,  0,  9, 18), (  10,  0,  8, 18), (  19,  0,  8, 18), (  28,  0,  9, 18),
   (  38,  0,  7, 18), (  46,  0,  7, 18), (  54,  0,  9, 18), (  64,  0,  9, 18),
   (  74,  0,  2, 18), (  77,  0,  5, 18), (  83,  0,  9, 18), (  93,  0,  6, 18),
   ( 100,  0, 11, 18), ( 112,  0,  9, 18), ( 122,  0, 10, 18), ( 133,  0,  8, 18),
   ( 142,  0, 10, 18), ( 153,  0,  8, 18), ( 162,  0,  7, 18), ( 170,  0,  8, 18),
   ( 179,  0,  9, 18), ( 189,  0, 11, 18), ( 201,  0, 15, 18), ( 217,  0,  8, 18),
   ( 226,  0, 10, 18), ( 237,  0,  8, 18), ( 246,  0,  7, 18), ( 254,  0,  8, 18),
   ( 263,  0,  6, 18), ( 270,  0,  8, 18), ( 279,  0,  7, 18), ( 287,  0,  5, 18),
   ( 293,  0,  8, 18), ( 302,  0,  7, 18), ( 310,  0,  2, 18), ( 313,  0,  4, 18),
   ( 318,  0,  7, 18), ( 326,  0,  2, 18), ( 329,  0, 12, 18), ( 342,  0,  7, 18),
   ( 350,  0,  8, 18), ( 359,  0,  8, 18), ( 368,  0,  8, 18), ( 377,  0,  4, 18),
   ( 382,  0,  6, 18), ( 389,  0,  5, 18), ( 395,  0,  7, 18), ( 403,  0,  9, 18),
   ( 413,  0, 11, 18), ( 425,  0,  8, 18), ( 434,  0,  8, 18), ( 443,  0,  6, 18),
   ( 450,  0,  7, 18), ( 458,  0,  4, 18), ( 463,  0,  7, 18), ( 471,  0,  7, 18),
   ( 479,  0,  8, 18), ( 488,  0,  7, 18), ( 496,  0,  7, 18), ( 504,  0,  7, 18),
   ( 512,  0,  7, 18), ( 520,  0,  7, 18), ( 528,  0,  8, 18), ( 537,  0,  3, 18),
   ( 541,  0,  2, 18), ( 544,  0, 11, 18), ( 556,  0,  8, 18), ( 565,  0,  7, 18),
   ( 573,  0, 13, 18), ( 587,  0,  9, 18), ( 597,  0, 10, 18), ( 608,  0,  5, 18),
   ( 614,  0,  4, 18), ( 619,  0,  4, 18), ( 624,  0,  4, 18), ( 629,  0,  8, 18),
   ( 638,  0,  8, 18), ( 647,  0,  8, 18), ( 656,  0,  4, 18), ( 661,  0,  4, 18),
   ( 666,  0,  4, 18), ( 671,  0,  4, 18), ( 676,  0,  3, 18), ( 680,  0,  2, 18),
   ( 683,  0,  2, 18), ( 686,  0,  5, 18), ( 692,  0,  3, 18), ( 696,  0,  8, 18),
   ( 705,  0,  2, 18), ( 708,  0,  8, 18), ( 717,  0,  5, 18), ( 723,  0,  6, 18),
   ( 730,  0,  2, 18), ( 733,  0,  7, 18), ( 741,  0,  7, 18), ( 749,  0,  8, 18),
   ( 758,  0,  7, 18), ( 766,  0, 10, 18), ( 777,  0,  7, 18), ( 785,  0,  6, 18),
   ( 792,  0,  9, 18), ( 802,  0,  9, 18), ( 812,  0,  9, 18), ( 822,  0,  9, 18),
   ( 832,  0,  9, 18), ( 842,  0, 11, 18), ( 854,  0, 14, 18), ( 869,  0,  8, 18),
   ( 878,  0,  7, 18), ( 886,  0,  7, 18), ( 894,  0,  7, 18), ( 902,  0,  7, 18),
   ( 910,  0,  3, 18), ( 914,  0,  3, 18), ( 918,  0,  5, 18), ( 924,  0,  5, 18),
   ( 930,  0, 11, 18), ( 942,  0,  9, 18), ( 952,  0, 10, 18), ( 963,  0, 10, 18),
   ( 974,  0, 10, 18), ( 985,  0, 10, 18), ( 996,  0, 10, 18), (1007,  0, 10, 18),
   (1018,  0,  9, 18), (1028,  0,  9, 18), (1038,  0,  9, 18), (1048,  0,  9, 18),
   (1058,  0, 10, 18), (1069,  0,  8, 18), (1078,  0,  7, 18), (1086,  0,  7, 18),
   (1094,  0,  7, 18), (1102,  0,  7, 18), (1110,  0,  7, 18), (1118,  0,  7, 18),
   (1126,  0, 12, 18), (1139,  0,  6, 18), (1146,  0,  7, 18), (1154,  0,  7, 18),
   (1162,  0,  7, 18), (1170,  0,  7, 18), (1178,  0,  3, 18), (1182,  0,  3, 18),
   (1186,  0,  5, 18), (1192,  0,  5, 18), (1198,  0,  8, 18), (1207,  0,  7, 18),
   (1215,  0,  8, 18), (1224,  0,  8, 18), (1233,  0,  8, 18), (1242,  0,  8, 18),
   (1251,  0,  8, 18), (1260,  0,  8, 18), (1269,  0,  7, 18), (1277,  0,  7, 18),
   (1285,  0,  7, 18), (1293,  0,  7, 18), (1301,  0,  8, 18), (1310,  0,  8, 18));

Define OffsetList
 ( ( 1, 0), ( 1, 0), ( 1, 0), ( 1, 0), ( 1, 0), ( 1, 0), ( 1, 0), ( 1, 0),
   ( 1, 0), ( 1, 0), ( 1, 0), ( 1, 0), ( 1, 0), ( 1, 0), ( 1, 0), ( 1, 0),
   ( 1, 0), ( 1, 0), ( 1, 0), ( 0, 0), ( 1, 0), ( 0, 0), ( 0, 0), ( 1, 0),
   ( 0, 0), ( 1, 0), ( 0, 0), ( 1, 0), ( 0, 0), ( 0, 0), ( 0, 0), ( 0, 0),
   ( 0, 0), ( 1, 0), ( 1, 0), (-1, 0), ( 1, 0), ( 1, 0), ( 1, 0), ( 1, 0),
   ( 0, 0), ( 1, 0), ( 0, 0), ( 1, 0), ( 0, 0), ( 0, 0), ( 1, 0), ( 0, 0),
   ( 0, 0), ( 0, 0), ( 0, 0), ( 0, 0), ( 1, 0), ( 2, 0), ( 1, 0), ( 1, 0),
   ( 0, 0), ( 1, 0), ( 1, 0), ( 1, 0), ( 1, 0), ( 1, 0), ( 1, 0), ( 1, 0),
   ( 1, 0), ( 0, 0), ( 1, 0), ( 1, 0), ( 1, 0), ( 1, 0), ( 1, 0), ( 1, 0),
   ( 1, 0), ( 0, 0), ( 0, 0), ( 0, 0), ( 1, 0), ( 1, 0), ( 1, 0), ( 0, 0),
   ( 0, 0), ( 1, 0), ( 0, 0), ( 1, 0), ( 0, 0), ( 1, 0), ( 0, 0), ( 1, 0),
   ( 1, 0), ( 1, 0), ( 0, 0), ( 0, 0), ( 1, 0), ( 1, 0), ( 1, 0), ( 0, 0),
   ( 1, 0), ( 1, 0), ( 1, 0), ( 0, 0), ( 1, 0), ( 1, 0), ( 1, 0), ( 1, 0),
   ( 1, 0), ( 0, 0), ( 0, 0), ( 1, 0), ( 1, 0), ( 1, 0), ( 1, 0), ( 1, 0),
   ( 0, 0), ( 1, 0), ( 0, 0), ( 0, 0), ( 0, 0), ( 1, 0), ( 1, 0), ( 1, 0),
   ( 1, 0), ( 1, 0), ( 1, 0), ( 1, 0), ( 1, 0), ( 1, 0), ( 1, 0), ( 1, 0),
   ( 0, 0), ( 1, 0), ( 0, 0), ( 0, 0), ( 0, 0), ( 0, 0), ( 0, 0), ( 0, 0),
   ( 0, 0), ( 0, 0), ( 0, 0), ( 0, 0), ( 0, 0), ( 0, 0), ( 0, 0), ( 1, 0),
   ( 0, 0), ( 0, 0), ( 0, 0), ( 1, 0), ( 0, 0), ( 0, 0), ( 0, 0), ( 0, 0),
   ( 0, 0), ( 0, 0), ( 1, 0), ( 1, 0), ( 1, 0), ( 1, 0), ( 0, 0), ( 0, 0));

Define KerningPairs
 ("(T","(V","(W","(Y","AT","AU","AV","AW","AY","Av","Aw","Ay","CC","CG","CO","CQ",
  "Cy","D,","D.","DY","F,","F.","FA","Fa","KC","KG","KO","KQ","Kv","Kw","Ky","LC",
  "LG","LO","LQ","LT","LU","LV","LW","LY","Lw","Ly","O,","O.","OT","OX","OY","P,",
  "P.","PA","QY","T)","T,","T.","T:","T;","TA","T]","Ta","Te","Tm","To","Tr","Ts",
  "Tu","Tw","Ty","Tz","T}","UA","V)","V,","V.","V;","VA","V]","Va","Ve","Vo","Vr",
  "Vu","V}","W)","W,","W.","WA","W]","Wa","Wd","We","Wo","Wu","W}","XC","XG","XO",
  "XQ","Xy","Y)","Y,","Y.","Y:","Y;","YA","YC","YG","YO","YQ","YS","Y]","Ya","Yd",
  "Ye","Yo","Yq","Yt","Yu","Yv","Y}","[T","[V","[W","[Y","b,","b.","d,","f)","f,",
  "f.","f]","f}","g,","o,","o.","p,","p.","r,","r.","v,","v.","w,","w.","y,","y.",
  "{T","{V","{W","{Y");

Define KerningValues (   1,   1,   1,   1,  -2,  -1,  -1,  -1,  -2,  -1,  -1,  -1,  -1,  -1,  -1,  -1,    -1,  -1,  -1,  -1,  -2,  -1,  -1,  -1,  -1,  -1,  -1,  -1,  -1,  -1,  -1,  -1,    -1,  -1,  -1,  -2,  -1,  -1,  -1,  -2,  -1,  -1,  -1,  -1,  -1,  -1,  -1,  -2,    -2,  -1,  -1,   1,  -1,  -1,  -1,  -1,  -1,   1,  -1,  -1,  -1,  -1,  -1,  -1,    -1,  -1,  -1,  -1,   1,  -1,   1,  -2,  -2,  -1,  -1,   1,  -1,  -1,  -1,  -1,    -1,   1,   1,  -1,  -1,  -1,   1,  -1,  -1,  -1,  -1,  -1,   1,  -1,  -1,  -1,    -1,  -1,   1,  -2,  -2,  -1,  -1,  -2,  -1,  -1,  -1,  -1,  -1,   1,  -2,  -2,    -2,  -2,  -2,  -1,  -1,  -1,   1,   1,   1,   1,   1,  -1,  -1,  -1,   1,  -1,    -1,   1,   1,  -1,  -1,  -1,  -1,  -1,  -1,  -1,  -1,  -1,  -1,  -1,  -1,  -1,     1,   1,   1,   1);

CreateLayer               Main;
LayerSetImage             Main '../fonts/MyriadWeb12Bold';
LayerSetAscent            Main 14;
LayerSetCharWidths        Main CharList WidthList;
LayerSetCharWidths        Main (' ') (3);
LayerSetKerningPairs      Main KerningPairs KerningValues;
LayerSetImageMap          Main CharList RectList;
LayerSetCharOffsets       Main CharList OffsetList;
LayerSetAscentPadding     Main 0;
LayerSetLineSpacingOffset Main 0;
LayerSetPointSize         Main 12;

SetDefaultPointSize  12;
