Define CharList
 ( 'A', 'B', 'C', 'D', 'E', 'F', 'G', 'H', 'I', 'J', 'K', 'L', 'M', 'N', 'O', 'P',
   'Q', 'R', 'S', 'T', 'U', 'V', 'W', 'X', 'Y', 'Z', 'a', 'b', 'c', 'd', 'e', 'f',
   'g', 'h', 'i', 'j', 'k', 'l', 'm', 'n', 'o', 'p', 'q', 'r', 's', 't', 'u', 'v',
   'w', 'x', 'y', 'z', '0', '1', '2', '3', '4', '5', '6', '7', '8', '9', '~', '`',
   '!', '@', '#', '$', '%', '^', '&', '*', '(', ')', '-', '_', '=', '+', '[', '{',
   ']', '}', ';', ':',"'", '"', ',', '<', '.', '>', '/', '?', '¡', '¢', '£', '¥',
   '§', '©', '®', '¿', 'À', 'Á', 'Â', 'Ã', 'Ä', 'Å', 'Æ', 'Ç', 'È', 'É', 'Ê', 'Ë',
   'Ì', 'Í', 'Î', 'Ï', 'Ð', 'Ñ', 'Ò', 'Ó', 'Ô', 'Õ', 'Ö', 'Ø', 'Ù', 'Ú', 'Û', 'Ü',
   'Ý', 'ß', 'à', 'á', 'â', 'ã', 'ä', 'å', 'æ', 'ç', 'è', 'é', 'ê', 'ë', 'ì', 'í',
   'î', 'ï', 'ð', 'ñ', 'ò', 'ó', 'ô', 'õ', 'ö', 'ø', 'ù', 'ú', 'û', 'ü', 'ý', 'ÿ');

Define WidthList
 (  12,  10,  11,  14,  10,  10,  13,  14,   6,   6,  12,  10,  16,  13,  14,  10,
    14,  11,  10,  12,  13,  13,  19,  12,  11,  12,   8,   9,   8,   9,   8,   5,
     9,  10,   5,   5,  10,   5,  14,  10,   9,  10,  10,   7,   7,   7,  10,   9,
    14,  10,   9,   9,  10,  10,  10,  10,  10,  10,  10,  10,  10,  10,  12,   6,
     5,  17,  11,   9,  13,  12,  19,   9,   5,   5,   5,  10,  12,  12,   7,   5,
     7,   5,   4,   4,   5,   7,   4,  12,   5,  12,   9,   5,   5,   8,  10,  11,
     9,  14,  11,   5,  12,  12,  12,  12,  12,  12,  17,  11,  10,  10,  10,  10,
     6,   6,   6,   6,  14,  13,  14,  14,  14,  14,  14,  14,  13,  13,  13,  13,
    11,  11,   8,   8,   8,   8,   8,   8,  11,   8,   8,   8,   8,   8,   5,   5,
     5,   5,   9,  10,   9,   9,   9,   9,   9,   9,  10,  10,  10,  10,   9,   9);

Define RectList
 ( (   0,  0, 12, 20), (  13,  0, 10, 20), (  24,  0, 10, 20), (  35,  0, 13, 20),
   (  49,  0, 10, 20), (  60,  0, 10, 20), (  71,  0, 13, 20), (  85,  0, 14, 20),
   ( 100,  0,  6, 20), ( 107,  0,  8, 20), ( 116,  0, 12, 20), ( 129,  0, 10, 20),
   ( 140,  0, 16, 20), ( 157,  0, 13, 20), ( 171,  0, 13, 20), ( 185,  0, 10, 20),
   ( 196,  0, 16, 20), ( 213,  0, 12, 20), ( 226,  0,  9, 20), ( 236,  0, 12, 20),
   ( 249,  0, 13, 20), ( 263,  0, 13, 20), ( 277,  0, 19, 20), ( 297,  0, 12, 20),
   ( 310,  0, 12, 20), ( 323,  0, 12, 20), ( 336,  0,  8, 20), ( 345,  0,  9, 20),
   ( 355,  0,  7, 20), ( 363,  0,  9, 20), ( 373,  0,  7, 20), ( 381,  0,  6, 20),
   ( 388,  0,  9, 20), ( 398,  0,  9, 20), ( 408,  0,  5, 20), ( 414,  0,  5, 20),
   ( 420,  0, 10, 20), ( 431,  0,  5, 20), ( 437,  0, 14, 20), ( 452,  0,  9, 20),
   ( 462,  0,  8, 20), ( 471,  0,  9, 20), ( 481,  0,  9, 20), ( 491,  0,  6, 20),
   ( 498,  0,  7, 20), ( 506,  0,  6, 20), ( 513,  0,  9, 20), ( 523,  0,  9, 20),
   ( 533,  0, 14, 20), ( 548,  0,  9, 20), ( 558,  0,  9, 20), ( 568,  0,  8, 20),
   ( 577,  0,  8, 20), ( 586,  0,  7, 20), ( 594,  0,  8, 20), ( 603,  0,  7, 20),
   ( 611,  0, 10, 20), ( 622,  0,  7, 20), ( 630,  0,  8, 20), ( 639,  0,  9, 20),
   ( 649,  0,  7, 20), ( 657,  0,  8, 20), ( 666,  0,  8, 20), ( 675,  0,  4, 20),
   ( 680,  0,  3, 20), ( 684,  0, 15, 20), ( 700,  0, 11, 20), ( 712,  0,  8, 20),
   ( 721,  0, 12, 20), ( 734,  0,  9, 20), ( 744,  0, 15, 20), ( 760,  0,  8, 20),
   ( 769,  0,  4, 20), ( 774,  0,  4, 20), ( 779,  0,  5, 20), ( 785,  0, 10, 20),
   ( 796,  0,  9, 20), ( 806,  0,  9, 20), ( 816,  0,  7, 20), ( 824,  0,  5, 20),
   ( 830,  0,  7, 20), ( 838,  0,  5, 20), ( 844,  0,  4, 20), ( 849,  0,  3, 20),
   ( 853,  0,  2, 20), ( 856,  0,  5, 20), ( 862,  0,  4, 20), ( 867,  0,  9, 20),
   ( 877,  0,  3, 20), ( 881,  0,  9, 20), ( 891,  0,  8, 20), ( 900,  0,  5, 20),
   ( 906,  0,  3, 20), ( 910,  0,  7, 20), ( 918,  0, 10, 20), ( 929,  0, 11, 20),
   ( 941,  0,  7, 20), ( 949,  0, 13, 20), ( 963,  0,  8, 20), ( 972,  0,  5, 20),
   ( 978,  0, 12, 20), ( 991,  0, 12, 20), (1004,  0, 12, 20), (1017,  0, 12, 20),
   (1030,  0, 12, 20), (1043,  0, 12, 20), (1056,  0, 16, 20), (1073,  0, 10, 20),
   (1084,  0, 10, 20), (1095,  0, 10, 20), (1106,  0, 10, 20), (1117,  0, 10, 20),
   (1128,  0,  6, 20), (1135,  0,  6, 20), (1142,  0,  6, 20), (1149,  0,  6, 20),
   (1156,  0, 13, 20), (1170,  0, 13, 20), (1184,  0, 13, 20), (1198,  0, 13, 20),
   (1212,  0, 13, 20), (1226,  0, 13, 20), (1240,  0, 13, 20), (1254,  0, 13, 20),
   (1268,  0, 13, 20), (1282,  0, 13, 20), (1296,  0, 13, 20), (1310,  0, 13, 20),
   (1324,  0, 12, 20), (1337,  0, 10, 20), (1348,  0,  8, 20), (1357,  0,  8, 20),
   (1366,  0,  8, 20), (1375,  0,  8, 20), (1384,  0,  8, 20), (1393,  0,  8, 20),
   (1402,  0, 11, 20), (1414,  0,  8, 20), (1423,  0,  7, 20), (1431,  0,  7, 20),
   (1439,  0,  7, 20), (1447,  0,  7, 20), (1455,  0,  5, 20), (1461,  0,  5, 20),
   (1467,  0,  5, 20), (1473,  0,  6, 20), (1480,  0,  8, 20), (1489,  0,  9, 20),
   (1499,  0,  8, 20), (1508,  0,  8, 20), (1517,  0,  8, 20), (1526,  0,  8, 20),
   (1535,  0,  8, 20), (1544,  0,  8, 20), (1553,  0,  9, 20), (1563,  0,  9, 20),
   (1573,  0,  9, 20), (1583,  0,  9, 20), (1593,  0,  9, 20), (1603,  0,  9, 20));

Define OffsetList
 ( ( 0, 0), ( 0, 0), ( 1, 0), ( 0, 0), ( 0, 0), ( 0, 0), ( 0, 0), ( 0, 0),
   ( 0, 0), (-1, 0), ( 0, 0), ( 0, 0), ( 0, 0), ( 0, 0), ( 0, 0), ( 0, 0),
   ( 0, 0), (-1, 0), ( 0, 0), ( 0, 0), ( 0, 0), ( 0, 0), ( 0, 0), ( 0, 0),
   ( 0, 0), ( 0, 0), ( 0, 0), ( 0, 0), ( 0, 0), ( 0, 0), ( 0, 0), ( 0, 0),
   ( 0, 0), ( 0, 0), ( 0, 0), ( 0, 0), ( 0, 0), ( 0, 0), ( 0, 0), ( 0, 0),
   ( 0, 0), ( 0, 0), ( 0, 0), ( 0, 0), ( 0, 0), ( 0, 0), ( 0, 0), ( 0, 0),
   ( 0, 0), ( 0, 0), ( 0, 0), ( 0, 0), ( 1, 0), ( 1, 0), ( 1, 0), ( 1, 0),
   ( 0, 0), ( 1, 0), ( 1, 0), ( 0, 0), ( 1, 0), ( 1, 0), ( 2, 0), ( 1, 0),
   ( 1, 0), ( 1, 0), ( 0, 0), ( 0, 0), ( 0, 0), ( 1, 0), ( 0, 0), ( 0, 0),
   ( 0, 0), ( 0, 0), ( 0, 0), ( 0, 0), ( 1, 0), ( 1, 0), ( 0, 0), ( 0, 0),
   ( 0, 0), ( 0, 0), ( 0, 0), ( 0, 0), ( 1, 0), ( 1, 0), ( 0, 0), ( 1, 0),
   ( 1, 0), ( 1, 0), ( 0, 0), ( 0, 0), ( 1, 0), ( 0, 0), ( 0, 0), ( 0, 0),
   ( 1, 0), ( 0, 0), ( 1, 0), ( 0, 0), ( 0, 0), ( 0, 0), ( 0, 0), ( 0, 0),
   ( 0, 0), ( 0, 0), ( 0, 0), ( 1, 0), ( 0, 0), ( 0, 0), ( 0, 0), ( 0, 0),
   ( 0, 0), ( 0, 0), ( 0, 0), ( 0, 0), ( 0, 0), ( 0, 0), ( 0, 0), ( 0, 0),
   ( 0, 0), ( 0, 0), ( 0, 0), ( 0, 0), ( 0, 0), ( 0, 0), ( 0, 0), ( 0, 0),
   ( 0, 0), ( 0, 0), ( 0, 0), ( 0, 0), ( 0, 0), ( 0, 0), ( 0, 0), ( 0, 0),
   ( 0, 0), ( 0, 0), ( 0, 0), ( 0, 0), ( 0, 0), ( 0, 0), ( 0, 0), ( 0, 0),
   ( 0, 0), ( 0, 0), ( 0, 0), ( 0, 0), ( 0, 0), ( 0, 0), ( 0, 0), ( 0, 0),
   ( 0, 0), ( 0, 0), ( 0, 0), ( 0, 0), ( 0, 0), ( 0, 0), ( 0, 0), ( 0, 0));

Define KerningPairs
 ("(J","(V","(W","(Y","A'","AC","AG","AO","AT","AU","AV","AW","AY","At","Au","Av",
  "Ay","Az","BA","BV","BW","Ba","Be","Bh","Bi","Bl","Bo","Br","Bu","Bw","By","C,",
  "D.","DA","DT","F,","FA","Ku","Kv","LT","LV","LY","La","Le","Lo","N,","N.","OA",
  "OV","OW","OY","P,","P.","PA","Pe","Py","På","Q)","Q}","RA","RG","RO","RT","RU",
  "RV","RW","RY","Re","Ru","Ry","Ré","Rö","Rü","SA","SV","T,","T.","T;","TA","TG",
  "Ta","Te","To","Tr","Tu","Tw","Ty","Tì","Tï","V)","V,","V.","VA","VC","VG","VO",
  "Va","Ve","Vi","Vo","Vr","Vu","Vy","Vì","Vï","W)","W.","WA","Wa","We","Wi","Wo",
  "Wr","Wu","Wä","Y)","Y,","Y.","YA","Ya","Ye","Yi","Yo","Yu","Yv","Yì","Yï","Zw",
  "[J","av","aw","ay","bv","by","c,","ev","ew","ey","f)","f,","f?","f]","fd","fe",
  "f}","g,","gj","gy","ko","kö","ov","ow","ox","oy","oz","pv","py","pz","qu","r.",
  "r:","r;","r?","rf","s.","t?","v,","v.","w.","wa","xc","xe","xo","xé","y,","y.",
  "ya","yc","yd","ye","yg","yo","ys","{J","ß,","ß.","ät","åt");

Define KerningValues (   2,   0,   0,   0,  -1,  -1,   0,   0,  -1,  -1,  -1,  -2,  -1,   0,   0,  -1,    -1,   0,   0,  -1,  -1,   0,   0,   0,   0,   0,   0,   0,   0,   0,   0,   0,     0,  -1,   0,   0,  -1,   0,  -1,  -1,  -1,  -1,   0,   0,   0,   0,   0,   0,     0,   0,   0,   0,   0,  -1,   0,   0,   0,   1,   1,   0,   0,   0,  -1,   0,    -1,  -1,   0,   0,   0,  -1,   0,   0,   0,   0,   0,   0,  -1,   0,  -2,   0,    -1,  -1,  -1,  -1,  -1,  -1,  -1,   1,   1,   0,   0,  -2,  -1,  -1,   0,   0,    -2,  -1,  -1,  -2,  -1,  -1,  -1,   0,   1,   0,  -2,  -3,  -1,  -1,  -1,  -2,    -1,  -1,   0,   0,   0,   0,  -1,  -1,  -1,   0,  -1,  -1,   0,   0,   1,   0,     1,   0,   0,   0,   0,   0,   0,   0,   0,   0,   1,   1,   1,   1,   0,   0,     1,   0,   0,   0,   0,   0,   0,   0,   0,   0,   0,   0,   0,   0,   0,   0,     0,   0,   0,   0,   0,   0,   0,  -1,   0,   0,   0,   0,   0,   0,   0,   0,     0,   0,   0,   0,   0,   0,   0,   1,   0,   0,   0,   0);

CreateLayer               Main;
LayerSetImage             Main '../fonts/ScrippsCollegeOS13Bold';
LayerSetAscent            Main 15;
LayerSetCharWidths        Main CharList WidthList;
LayerSetCharWidths        Main (' ') (6);
LayerSetKerningPairs      Main KerningPairs KerningValues;
LayerSetImageMap          Main CharList RectList;
LayerSetCharOffsets       Main CharList OffsetList;
LayerSetAscentPadding     Main 0;
LayerSetLineSpacingOffset Main 0;
LayerSetPointSize         Main 13;

SetDefaultPointSize  13;
