Define CharList
 ( 'A', 'B', 'C', 'D', 'E', 'F', 'G', 'H', 'I', 'J', 'K', 'L', 'M', 'N', 'O', 'P',
   'Q', 'R', 'S', 'T', 'U', 'V', 'W', 'X', 'Y', 'Z', 'a', 'b', 'c', 'd', 'e', 'f',
   'g', 'h', 'i', 'j', 'k', 'l', 'm', 'n', 'o', 'p', 'q', 'r', 's', 't', 'u', 'v',
   'w', 'x', 'y', 'z', '0', '1', '2', '3', '4', '5', '6', '7', '8', '9', '~', '`',
   '!', '@', '#', '$', '%', '^', '&', '*', '(', ')', '-', '_', '=', '+', '[', '{',
   ']', '}', ';', ':',"'", '"', ',', '<', '.', '>', '/', '?', '¡', '¢', '£', '¥',
   '§', '©', '®', '¿', 'À', 'Á', 'Â', 'Ã', 'Ä', 'Å', 'Æ', 'Ç', 'È', 'É', 'Ê', 'Ë',
   'Ì', 'Í', 'Î', 'Ï', 'Ð', 'Ñ', 'Ò', 'Ó', 'Ô', 'Õ', 'Ö', 'Ø', 'Ù', 'Ú', 'Û', 'Ü',
   'Ý', 'ß', 'à', 'á', 'â', 'ã', 'ä', 'å', 'æ', 'ç', 'è', 'é', 'ê', 'ë', 'ì', 'í',
   'î', 'ï', 'ð', 'ñ', 'ò', 'ó', 'ô', 'õ', 'ö', 'ø', 'ù', 'ú', 'û', 'ü', 'ý', 'ÿ');

Define WidthList
 (  14,  12,  13,  16,  12,  11,  15,  16,   7,   7,  14,  11,  19,  15,  16,  12,
    16,  13,  11,  14,  15,  15,  22,  14,  13,  14,   9,  10,   9,  10,   9,   6,
    10,  11,   6,   6,  11,   6,  16,  11,  10,  11,  11,   7,   8,   7,  11,  10,
    16,  11,  10,  10,  11,  11,  11,  11,  11,  11,  11,  11,  11,  11,  13,   7,
     6,  19,  13,  10,  14,  13,  22,  10,   5,   5,   6,  11,  13,  13,   8,   6,
     8,   6,   5,   5,   5,   8,   5,  13,   6,  13,  10,   6,   6,   9,  12,  13,
    11,  16,  12,   6,  14,  14,  14,  14,  14,  14,  19,  13,  12,  12,  12,  12,
     7,   7,   7,   7,  16,  15,  16,  16,  16,  16,  16,  16,  15,  15,  15,  15,
    13,  12,   9,   9,   9,   9,   9,   9,  13,   9,   9,   9,   9,   9,   6,   6,
     6,   6,  10,  11,  10,  10,  10,  10,  10,  10,  11,  11,  11,  11,  10,  10);

Define RectList
 ( (   0,  0, 14, 23), (  15,  0, 11, 23), (  27,  0, 12, 23), (  40,  0, 15, 23),
   (  56,  0, 11, 23), (  68,  0, 11, 23), (  80,  0, 14, 23), (  95,  0, 15, 23),
   ( 111,  0,  7, 23), ( 119,  0,  8, 23), ( 128,  0, 13, 23), ( 142,  0, 11, 23),
   ( 154,  0, 19, 23), ( 174,  0, 15, 23), ( 190,  0, 14, 23), ( 205,  0, 11, 23),
   ( 217,  0, 18, 23), ( 236,  0, 13, 23), ( 250,  0,  9, 23), ( 260,  0, 14, 23),
   ( 275,  0, 15, 23), ( 291,  0, 15, 23), ( 307,  0, 22, 23), ( 330,  0, 13, 23),
   ( 344,  0, 13, 23), ( 358,  0, 13, 23), ( 372,  0,  8, 23), ( 381,  0, 10, 23),
   ( 392,  0,  8, 23), ( 401,  0, 10, 23), ( 412,  0,  8, 23), ( 421,  0,  6, 23),
   ( 428,  0, 10, 23), ( 439,  0, 11, 23), ( 451,  0,  6, 23), ( 458,  0,  6, 23),
   ( 465,  0, 11, 23), ( 477,  0,  6, 23), ( 484,  0, 16, 23), ( 501,  0, 11, 23),
   ( 513,  0,  9, 23), ( 523,  0, 10, 23), ( 534,  0, 10, 23), ( 545,  0,  7, 23),
   ( 553,  0,  8, 23), ( 562,  0,  7, 23), ( 570,  0, 11, 23), ( 582,  0, 10, 23),
   ( 593,  0, 16, 23), ( 610,  0, 11, 23), ( 622,  0, 10, 23), ( 633,  0,  9, 23),
   ( 643,  0,  9, 23), ( 653,  0,  7, 23), ( 661,  0,  9, 23), ( 671,  0,  8, 23),
   ( 680,  0, 11, 23), ( 692,  0,  8, 23), ( 701,  0,  9, 23), ( 711,  0, 10, 23),
   ( 722,  0,  8, 23), ( 731,  0,  9, 23), ( 741,  0,  9, 23), ( 751,  0,  4, 23),
   ( 756,  0,  3, 23), ( 760,  0, 17, 23), ( 778,  0, 12, 23), ( 791,  0,  9, 23),
   ( 801,  0, 13, 23), ( 815,  0, 10, 23), ( 826,  0, 17, 23), ( 844,  0,  9, 23),
   ( 854,  0,  5, 23), ( 860,  0,  5, 23), ( 866,  0,  6, 23), ( 873,  0, 11, 23),
   ( 885,  0, 10, 23), ( 896,  0, 10, 23), ( 907,  0,  7, 23), ( 915,  0,  5, 23),
   ( 921,  0,  8, 23), ( 930,  0,  5, 23), ( 936,  0,  4, 23), ( 941,  0,  3, 23),
   ( 945,  0,  3, 23), ( 949,  0,  6, 23), ( 956,  0,  4, 23), ( 961,  0, 10, 23),
   ( 972,  0,  3, 23), ( 976,  0, 10, 23), ( 987,  0,  9, 23), ( 997,  0,  6, 23),
   (1004,  0,  3, 23), (1008,  0,  8, 23), (1017,  0, 11, 23), (1029,  0, 13, 23),
   (1043,  0,  8, 23), (1052,  0, 14, 23), (1067,  0,  9, 23), (1077,  0,  5, 23),
   (1083,  0, 14, 23), (1098,  0, 14, 23), (1113,  0, 14, 23), (1128,  0, 14, 23),
   (1143,  0, 14, 23), (1158,  0, 14, 23), (1173,  0, 18, 23), (1192,  0, 12, 23),
   (1205,  0, 11, 23), (1217,  0, 11, 23), (1229,  0, 11, 23), (1241,  0, 11, 23),
   (1253,  0,  7, 23), (1261,  0,  7, 23), (1269,  0,  7, 23), (1277,  0,  7, 23),
   (1285,  0, 15, 23), (1301,  0, 15, 23), (1317,  0, 14, 23), (1332,  0, 14, 23),
   (1347,  0, 14, 23), (1362,  0, 14, 23), (1377,  0, 14, 23), (1392,  0, 14, 23),
   (1407,  0, 15, 23), (1423,  0, 15, 23), (1439,  0, 15, 23), (1455,  0, 15, 23),
   (1471,  0, 13, 23), (1485,  0, 12, 23), (1498,  0,  8, 23), (1507,  0,  8, 23),
   (1516,  0,  8, 23), (1525,  0,  8, 23), (1534,  0,  8, 23), (1543,  0,  8, 23),
   (1552,  0, 12, 23), (1565,  0,  8, 23), (1574,  0,  8, 23), (1583,  0,  8, 23),
   (1592,  0,  8, 23), (1601,  0,  8, 23), (1610,  0,  6, 23), (1617,  0,  6, 23),
   (1624,  0,  6, 23), (1631,  0,  6, 23), (1638,  0,  9, 23), (1648,  0, 11, 23),
   (1660,  0,  9, 23), (1670,  0,  9, 23), (1680,  0,  9, 23), (1690,  0,  9, 23),
   (1700,  0,  9, 23), (1710,  0,  9, 23), (1720,  0, 11, 23), (1732,  0, 11, 23),
   (1744,  0, 11, 23), (1756,  0, 11, 23), (1768,  0, 10, 23), (1779,  0, 10, 23));

Define OffsetList
 ( ( 0, 0), ( 0, 0), ( 1, 0), ( 0, 0), ( 0, 0), ( 0, 0), ( 1, 0), ( 0, 0),
   ( 0, 0), (-1, 0), ( 0, 0), ( 0, 0), ( 0, 0), ( 0, 0), ( 1, 0), ( 0, 0),
   ( 1, 0), ( 0, 0), ( 1, 0), ( 0, 0), ( 0, 0), ( 0, 0), ( 0, 0), ( 0, 0),
   ( 0, 0), ( 0, 0), ( 1, 0), ( 0, 0), ( 0, 0), ( 0, 0), ( 0, 0), ( 0, 0),
   ( 0, 0), ( 0, 0), ( 0, 0), ( 0, 0), ( 0, 0), ( 0, 0), ( 0, 0), ( 0, 0),
   ( 0, 0), ( 0, 0), ( 0, 0), ( 0, 0), ( 0, 0), ( 0, 0), ( 0, 0), ( 0, 0),
   ( 0, 0), ( 0, 0), ( 0, 0), ( 0, 0), ( 1, 0), ( 2, 0), ( 1, 0), ( 1, 0),
   ( 0, 0), ( 1, 0), ( 1, 0), ( 0, 0), ( 1, 0), ( 1, 0), ( 2, 0), ( 1, 0),
   ( 1, 0), ( 1, 0), ( 0, 0), ( 0, 0), ( 0, 0), ( 1, 0), ( 0, 0), ( 0, 0),
   ( 0, 0), ( 0, 0), ( 0, 0), ( 0, 0), ( 1, 0), ( 1, 0), ( 0, 0), ( 0, 0),
   ( 0, 0), ( 0, 0), ( 0, 0), ( 1, 0), ( 1, 0), ( 1, 0), ( 0, 0), ( 1, 0),
   ( 1, 0), ( 1, 0), ( 0, 0), ( 0, 0), ( 1, 0), ( 0, 0), ( 0, 0), ( 0, 0),
   ( 1, 0), ( 1, 0), ( 1, 0), ( 0, 0), ( 0, 0), ( 0, 0), ( 0, 0), ( 0, 0),
   ( 0, 0), ( 0, 0), ( 0, 0), ( 1, 0), ( 0, 0), ( 0, 0), ( 0, 0), ( 0, 0),
   ( 0, 0), ( 0, 0), ( 0, 0), ( 0, 0), ( 0, 0), ( 0, 0), ( 1, 0), ( 1, 0),
   ( 1, 0), ( 1, 0), ( 1, 0), ( 1, 0), ( 0, 0), ( 0, 0), ( 0, 0), ( 0, 0),
   ( 0, 0), ( 0, 0), ( 1, 0), ( 1, 0), ( 1, 0), ( 1, 0), ( 1, 0), ( 1, 0),
   ( 1, 0), ( 0, 0), ( 0, 0), ( 0, 0), ( 0, 0), ( 0, 0), ( 0, 0), ( 0, 0),
   ( 0, 0), ( 0, 0), ( 0, 0), ( 0, 0), ( 0, 0), ( 0, 0), ( 0, 0), ( 0, 0),
   ( 0, 0), ( 0, 0), ( 0, 0), ( 0, 0), ( 0, 0), ( 0, 0), ( 0, 0), ( 0, 0));

Define KerningPairs
 ("(J","(T","(V","(W","(Y","A'","AC","AG","AO","AT","AU","AV","AW","AY","At","Au",
  "Av","Ay","Az","BA","BV","BW","Ba","Be","Bh","Bi","Bl","Bo","Br","Bu","Bw","By",
  "C,","C.","CA","D,","D.","DA","DT","F,","F.","FA","Fa","Fe","Fo","G,","G.","Ka",
  "Ke","Ku","Kv","LA","LT","LV","LY","La","Le","Lo","Lu","N,","N.","O,","OA","OV",
  "OW","OY","P,","P.","PA","Pa","Pe","Ps","Pu","Py","På","Q)","Qu","Q}","RA","RG",
  "RO","RT","RU","RV","RW","RY","Ra","Re","Ro","Ru","Ry","Ré","Rö","Rü","S.","SA",
  "SS","ST","SV","T)","T,","T.","T;","TA","TC","TG","TO","TS","Ta","Te","To","Tr",
  "Tu","Tw","Ty","Tì","Tï","V)","V,","V.","VA","VC","VG","VO","Va","Ve","Vi","Vo",
  "Vr","Vu","Vy","Vì","Vï","W)","W,","W.","WA","Wa","We","Wi","Wo","Wr","Wu","Wä",
  "Y)","Y,","Y.","YA","Ya","Ye","Yi","Yo","Yu","Yv","Yì","Yï","Za","Ze","Zi","Zo",
  "Zu","Zw","[J","at","av","aw","ay","bv","bw","by","c,","c.","e.","ev","ew","ey",
  "f)","f,","f.","f?","f]","fd","fe","f}","fä","fé","fø","g,","g.","gj","gy","j,",
  "j.","ke","ko","kö","o.","ov","ow","ox","oy","oz","p.","pv","py","pz","qu","r.",
  "r:","r;","r?","rf","rv","rw","ry","s.","sw","sy","t,","t?","tw","ty","v,","v.",
  "va","vs","væ","w,","w.","wa","wd","we","wo","ws","wä","xa","xc","xe","xo","xé",
  "y,","y.","y:","ya","yc","yd","ye","yg","yo","ys","zc","{J","ß,","ß.","ßt","ät",
  "åt","é.","øv","øy");

Define KerningValues (   2,   0,   0,   0,   0,  -1,  -1,   0,   0,  -1,  -1,  -2,  -2,  -1,   0,   0,    -1,  -1,   0,   0,  -1,  -1,   0,   0,   0,   0,   0,   0,   0,   0,  -1,  -1,     1,   0,   0,   0,   0,  -1,   0,   0,   0,  -1,   0,   0,   0,   0,   0,   0,     0,   0,  -1,   0,  -1,  -1,  -1,   0,   0,   0,   0,   0,   0,   0,   0,   0,     0,   0,   0,   0,  -1,   0,   0,   0,   0,   0,   0,   2,   0,   2,   0,   0,     0,  -1,  -1,  -1,  -1,  -1,   0,   0,   0,  -1,  -1,   0,   0,   0,   0,   0,     0,   0,   0,   0,   0,  -1,   0,  -2,   0,   0,   0,   0,  -2,  -1,  -1,  -1,    -1,  -1,  -1,   1,   1,   0,  -1,  -2,  -1,  -1,   0,   0,  -2,  -2,  -1,  -2,    -1,  -1,  -1,   1,   1,   0,   0,  -2,  -3,  -2,  -1,  -1,  -2,  -1,  -1,   0,     0,   0,   0,  -1,  -1,  -1,   0,  -1,  -1,   0,   1,   1,   0,   0,   0,   0,     0,   0,   1,   0,   0,   0,  -1,   0,   0,   0,   0,   0,   0,   0,   0,   0,     2,   1,   0,   1,   1,   0,   0,   1,   0,   0,   0,   0,   0,   0,   0,   0,     0,   0,   0,   0,   0,   0,  -1,  -1,   0,   0,   0,   0,   0,   0,   0,   0,     0,   0,   1,   0,   0,   0,   0,   0,   0,   0,   0,   0,   0,   0,   0,  -1,     0,   0,   0,   0,   0,   0,   0,   0,   0,   0,   0,   0,   0,   0,   0,   0,     0,   0,   0,   0,   0,   0,   0,   0,   0,   0,   0,   2,   0,   0,   0,   0,     0,   0,   0,   0);

CreateLayer               Main;
LayerSetImage             Main '../fonts/ScrippsCollegeOS15Bold';
LayerSetAscent            Main 18;
LayerSetCharWidths        Main CharList WidthList;
LayerSetCharWidths        Main (' ') (7);
LayerSetKerningPairs      Main KerningPairs KerningValues;
LayerSetImageMap          Main CharList RectList;
LayerSetCharOffsets       Main CharList OffsetList;
LayerSetAscentPadding     Main 0;
LayerSetLineSpacingOffset Main 0;
LayerSetPointSize         Main 15;

SetDefaultPointSize  15;
