Define CharList
 ( 'A', 'B', 'C', 'D', 'E', 'F', 'G', 'H', 'I', 'J', 'K', 'L', 'M', 'N', 'O', 'P',
   'Q', 'R', 'S', 'T', 'U', 'V', 'W', 'X', 'Y', 'Z', 'a', 'b', 'c', 'd', 'e', 'f',
   'g', 'h', 'i', 'j', 'k', 'l', 'm', 'n', 'o', 'p', 'q', 'r', 's', 't', 'u', 'v',
   'w', 'x', 'y', 'z', '0', '1', '2', '3', '4', '5', '6', '7', '8', '9', '~', '`',
   '!', '@', '#', '$', '%', '^', '&', '*', '(', ')', '-', '_', '=', '+', '[', '{',
   ']', '}', ';', ':',"'", '"', ',', '<', '.', '>', '/', '?', '¡', '¢', '£', '¥',
   '§', '©', '®', '¿', 'À', 'Á', 'Â', 'Ã', 'Ä', 'Å', 'Æ', 'Ç', 'È', 'É', 'Ê', 'Ë',
   'Ì', 'Í', 'Î', 'Ï', 'Ð', 'Ñ', 'Ò', 'Ó', 'Ô', 'Õ', 'Ö', 'Ø', 'Ù', 'Ú', 'Û', 'Ü',
   'Ý', 'ß', 'à', 'á', 'â', 'ã', 'ä', 'å', 'æ', 'ç', 'è', 'é', 'ê', 'ë', 'ì', 'í',
   'î', 'ï', 'ð', 'ñ', 'ò', 'ó', 'ô', 'õ', 'ö', 'ø', 'ù', 'ú', 'û', 'ü', 'ý', 'ÿ');

Define WidthList
 (  17,  14,  15,  19,  14,  13,  18,  19,   8,   8,  16,  13,  22,  17,  19,  14,
    19,  15,  13,  17,  18,  18,  26,  16,  15,  16,  11,  12,  10,  12,  10,   7,
    11,  13,   7,   7,  13,   7,  19,  13,  12,  13,  13,   9,  10,   9,  13,  12,
    19,  13,  12,  11,  13,  13,  13,  13,  13,  13,  13,  13,  13,  13,  16,   8,
     7,  23,  15,  12,  17,  16,  26,  11,   6,   6,   7,  13,  16,  16,   9,   7,
     9,   7,   5,   5,   6,  10,   5,  16,   7,  16,  12,   7,   7,  10,  14,  15,
    13,  19,  14,   7,  17,  17,  17,  17,  17,  17,  23,  15,  14,  14,  14,  14,
     8,   8,   8,   8,  19,  17,  19,  19,  19,  19,  19,  19,  18,  18,  18,  18,
    15,  14,  11,  11,  11,  11,  11,  11,  15,  10,  10,  10,  10,  10,   7,   7,
     7,   7,  12,  13,  12,  12,  12,  12,  12,  12,  13,  13,  13,  13,  12,  12);

Define RectList
 ( (   0,  0, 17, 28), (  18,  0, 13, 28), (  32,  0, 14, 28), (  47,  0, 17, 28),
   (  65,  0, 13, 28), (  79,  0, 13, 28), (  93,  0, 17, 28), ( 111,  0, 18, 28),
   ( 130,  0,  7, 28), ( 138,  0,  9, 28), ( 148,  0, 16, 28), ( 165,  0, 13, 28),
   ( 179,  0, 22, 28), ( 202,  0, 17, 28), ( 220,  0, 16, 28), ( 237,  0, 13, 28),
   ( 251,  0, 21, 28), ( 273,  0, 15, 28), ( 289,  0, 11, 28), ( 301,  0, 16, 28),
   ( 318,  0, 18, 28), ( 337,  0, 18, 28), ( 356,  0, 26, 28), ( 383,  0, 16, 28),
   ( 400,  0, 16, 28), ( 417,  0, 16, 28), ( 434,  0, 10, 28), ( 445,  0, 12, 28),
   ( 458,  0, 10, 28), ( 469,  0, 12, 28), ( 482,  0, 10, 28), ( 493,  0,  7, 28),
   ( 501,  0, 11, 28), ( 513,  0, 12, 28), ( 526,  0,  7, 28), ( 534,  0,  7, 28),
   ( 542,  0, 13, 28), ( 556,  0,  6, 28), ( 563,  0, 18, 28), ( 582,  0, 12, 28),
   ( 595,  0, 10, 28), ( 606,  0, 12, 28), ( 619,  0, 12, 28), ( 632,  0,  8, 28),
   ( 641,  0,  9, 28), ( 651,  0,  9, 28), ( 661,  0, 13, 28), ( 675,  0, 12, 28),
   ( 688,  0, 19, 28), ( 708,  0, 12, 28), ( 721,  0, 12, 28), ( 734,  0, 11, 28),
   ( 746,  0, 11, 28), ( 758,  0,  8, 28), ( 767,  0, 11, 28), ( 779,  0, 10, 28),
   ( 790,  0, 13, 28), ( 804,  0, 10, 28), ( 815,  0, 10, 28), ( 826,  0, 12, 28),
   ( 839,  0, 10, 28), ( 850,  0, 10, 28), ( 861,  0, 11, 28), ( 873,  0,  4, 28),
   ( 878,  0,  4, 28), ( 883,  0, 21, 28), ( 905,  0, 14, 28), ( 920,  0, 11, 28),
   ( 932,  0, 15, 28), ( 948,  0, 11, 28), ( 960,  0, 20, 28), ( 981,  0, 11, 28),
   ( 993,  0,  6, 28), (1000,  0,  6, 28), (1007,  0,  6, 28), (1014,  0, 13, 28),
   (1028,  0, 11, 28), (1040,  0, 11, 28), (1052,  0,  9, 28), (1062,  0,  6, 28),
   (1069,  0,  9, 28), (1079,  0,  6, 28), (1086,  0,  4, 28), (1091,  0,  3, 28),
   (1095,  0,  3, 28), (1099,  0,  6, 28), (1106,  0,  4, 28), (1111,  0, 12, 28),
   (1124,  0,  4, 28), (1129,  0, 13, 28), (1143,  0, 11, 28), (1155,  0,  6, 28),
   (1162,  0,  3, 28), (1166,  0, 10, 28), (1177,  0, 14, 28), (1192,  0, 15, 28),
   (1208,  0, 10, 28), (1219,  0, 16, 28), (1236,  0, 11, 28), (1248,  0,  6, 28),
   (1255,  0, 17, 28), (1273,  0, 17, 28), (1291,  0, 17, 28), (1309,  0, 17, 28),
   (1327,  0, 17, 28), (1345,  0, 17, 28), (1363,  0, 22, 28), (1386,  0, 14, 28),
   (1401,  0, 13, 28), (1415,  0, 13, 28), (1429,  0, 13, 28), (1443,  0, 13, 28),
   (1457,  0,  7, 28), (1465,  0,  7, 28), (1473,  0,  7, 28), (1481,  0,  8, 28),
   (1490,  0, 18, 28), (1509,  0, 17, 28), (1527,  0, 16, 28), (1544,  0, 16, 28),
   (1561,  0, 16, 28), (1578,  0, 16, 28), (1595,  0, 16, 28), (1612,  0, 16, 28),
   (1629,  0, 18, 28), (1648,  0, 18, 28), (1667,  0, 18, 28), (1686,  0, 18, 28),
   (1705,  0, 16, 28), (1722,  0, 14, 28), (1737,  0, 10, 28), (1748,  0, 10, 28),
   (1759,  0, 10, 28), (1770,  0, 10, 28), (1781,  0, 10, 28), (1792,  0, 10, 28),
   (1803,  0, 14, 28), (1818,  0, 10, 28), (1829,  0, 10, 28), (1840,  0, 10, 28),
   (1851,  0, 10, 28), (1862,  0, 10, 28), (1873,  0,  7, 28), (1881,  0,  7, 28),
   (1889,  0,  7, 28), (1897,  0,  7, 28), (1905,  0, 10, 28), (1916,  0, 12, 28),
   (1929,  0, 10, 28), (1940,  0, 10, 28), (1951,  0, 10, 28), (1962,  0, 10, 28),
   (1973,  0, 10, 28), (1984,  0, 10, 28), (1995,  0, 13, 28), (2009,  0, 13, 28),
   (2023,  0, 13, 28), (2037,  0, 13, 28), (2051,  0, 12, 28), (2064,  0, 12, 28));

Define OffsetList
 ( ( 0, 0), ( 0, 0), ( 1, 0), ( 1, 0), ( 0, 0), ( 0, 0), ( 1, 0), ( 0, 0),
   ( 1, 0), (-1, 0), ( 0, 0), ( 0, 0), ( 0, 0), ( 0, 0), ( 1, 0), ( 0, 0),
   ( 1, 0), ( 0, 0), ( 1, 0), ( 0, 0), ( 0, 0), ( 0, 0), ( 0, 0), ( 0, 0),
   ( 0, 0), ( 0, 0), ( 1, 0), ( 0, 0), ( 0, 0), ( 0, 0), ( 0, 0), ( 0, 0),
   ( 0, 0), ( 0, 0), ( 0, 0), ( 0, 0), ( 0, 0), ( 0, 0), ( 0, 0), ( 0, 0),
   ( 1, 0), ( 0, 0), ( 1, 0), ( 0, 0), ( 0, 0), ( 0, 0), ( 0, 0), ( 0, 0),
   ( 0, 0), ( 0, 0), ( 0, 0), ( 0, 0), ( 1, 0), ( 2, 0), ( 1, 0), ( 1, 0),
   ( 0, 0), ( 1, 0), ( 1, 0), ( 0, 0), ( 1, 0), ( 1, 0), ( 2, 0), ( 2, 0),
   ( 1, 0), ( 1, 0), ( 1, 0), ( 0, 0), ( 1, 0), ( 2, 0), ( 0, 0), ( 0, 0),
   ( 0, 0), ( 0, 0), ( 0, 0), ( 0, 0), ( 2, 0), ( 2, 0), ( 0, 0), ( 0, 0),
   ( 0, 0), ( 0, 0), ( 0, 0), ( 1, 0), ( 1, 0), ( 2, 0), ( 0, 0), ( 2, 0),
   ( 1, 0), ( 1, 0), ( 0, 0), ( 0, 0), ( 2, 0), ( 0, 0), ( 0, 0), ( 0, 0),
   ( 1, 0), ( 1, 0), ( 1, 0), ( 0, 0), ( 0, 0), ( 0, 0), ( 0, 0), ( 0, 0),
   ( 0, 0), ( 0, 0), ( 0, 0), ( 1, 0), ( 0, 0), ( 0, 0), ( 0, 0), ( 0, 0),
   ( 1, 0), ( 1, 0), ( 1, 0), ( 0, 0), ( 0, 0), ( 0, 0), ( 1, 0), ( 1, 0),
   ( 1, 0), ( 1, 0), ( 1, 0), ( 1, 0), ( 0, 0), ( 0, 0), ( 0, 0), ( 0, 0),
   ( 0, 0), ( 0, 0), ( 1, 0), ( 1, 0), ( 1, 0), ( 1, 0), ( 1, 0), ( 1, 0),
   ( 1, 0), ( 0, 0), ( 0, 0), ( 0, 0), ( 0, 0), ( 0, 0), ( 0, 0), ( 0, 0),
   ( 0, 0), ( 0, 0), ( 1, 0), ( 0, 0), ( 1, 0), ( 1, 0), ( 1, 0), ( 1, 0),
   ( 1, 0), ( 1, 0), ( 0, 0), ( 0, 0), ( 0, 0), ( 0, 0), ( 0, 0), ( 0, 0));

Define KerningPairs
 ("(J","(T","(V","(W","(Y","A'","AC","AG","AO","AT","AU","AV","AW","AY","Ad","At",
  "Au","Av","Ay","Az","BA","BV","BW","Ba","Be","Bh","Bi","Bl","Bo","Br","Bu","Bw",
  "By","C,","C.","CA","D,","D.","DA","DT","F,","F.","FA","Fa","Fe","Fo","G,","G.",
  "Ka","Ke","Ku","Kv","LA","LT","LV","LY","La","Le","Lo","Lu","N,","N.","O,","OA",
  "OV","OW","OY","P,","P.","PA","Pa","Pe","Ps","Pu","Py","På","Q)","Qu","Q}","RA",
  "RG","RO","RT","RU","RV","RW","RY","Ra","Re","Ro","Ru","Ry","Ré","Rö","Rü","S.",
  "SA","SS","ST","SV","T)","T,","T.","T;","TA","TC","TG","TO","TS","Ta","Te","To",
  "Tr","Tu","Tw","Ty","Tì","Tï","V)","V,","V.","VA","VC","VG","VO","Va","Ve","Vi",
  "Vo","Vr","Vu","Vy","Vì","Vï","W)","W,","W.","WA","Wa","We","Wi","Wo","Wr","Wu",
  "Wä","Y)","Y,","Y.","YA","Ya","Ye","Yi","Yo","Yu","Yv","Yì","Yï","Za","Ze","Zi",
  "Zo","Zu","Zw","[J","at","av","aw","ay","bv","bw","by","c,","c.","e.","ev","ew",
  "ey","f)","f,","f.","f?","f]","fd","fe","f}","fä","fé","fø","g,","g.","gj","gy",
  "j,","j.","ke","ko","kö","o.","ov","ow","ox","oy","oz","p.","pv","py","pz","qu",
  "r.","r:","r;","r?","rf","rv","rw","ry","s.","sw","sy","t,","t?","tw","ty","v,",
  "v.","va","vs","væ","w,","w.","wa","wd","we","wo","ws","wä","xa","xc","xe","xo",
  "xé","y,","y.","y:","ya","yc","yd","ye","yg","yo","ys","zc","{J","ß,","ß.","ßt",
  "ät","åt","é.","øv","øy");

Define KerningValues (   3,   0,   1,   1,   0,  -2,  -1,  -1,   0,  -1,  -1,  -2,  -3,  -2,   0,  -1,     0,  -1,  -1,   0,   0,  -1,  -1,   0,   0,   0,   0,   0,   0,   0,   0,  -1,    -1,   1,   0,   0,   0,   0,  -1,   0,   0,   0,  -2,   0,   0,   0,   0,   0,     0,   0,   0,  -2,   0,  -1,  -2,  -1,   0,   1,   0,   0,   0,  -1,   0,   0,     0,   0,   0,  -1,   0,  -2,   0,   0,   0,   0,   0,   0,   2,   0,   2,   0,     0,   0,  -1,  -1,  -1,  -1,  -1,   0,   0,   0,  -1,  -1,   0,   0,   0,   0,    -1,   0,   0,  -1,   0,  -1,  -1,   0,  -3,   0,   0,   0,   0,  -2,  -1,  -2,    -1,  -1,  -1,  -1,   1,   1,   0,  -1,  -2,  -2,  -1,  -1,  -1,  -2,  -2,  -1,    -2,  -1,  -1,  -1,   1,   1,   0,   0,  -2,  -4,  -2,  -2,  -1,  -2,  -1,  -1,     0,   1,   0,  -1,  -1,  -2,  -2,  -1,  -2,  -1,  -1,   1,   1,   0,   0,   0,     0,   0,  -1,   1,   0,   0,  -1,  -1,   0,   0,   0,   0,   0,   0,   0,   0,     0,   2,   1,   0,   2,   1,   0,   0,   1,   0,   0,   0,   0,   0,   0,   0,     0,   0,   0,  -1,   0,   0,  -1,  -1,  -1,  -1,   0,   0,   0,   0,   0,   0,     0,   0,   0,   1,   0,   0,   0,   0,   0,   0,   0,   0,   0,   0,   0,   0,    -1,   0,   0,   0,   0,   0,   0,   0,   0,   0,   0,   0,   0,  -1,   0,   0,     0,   0,   0,   0,  -1,   0,   0,   0,   0,   0,   0,   0,   2,   0,   0,   0,     0,   0,   0,   0,   0);

CreateLayer               Main;
LayerSetImage             Main '../fonts/ScrippsCollegeOS18Bold';
LayerSetAscent            Main 21;
LayerSetCharWidths        Main CharList WidthList;
LayerSetCharWidths        Main (' ') (9);
LayerSetKerningPairs      Main KerningPairs KerningValues;
LayerSetImageMap          Main CharList RectList;
LayerSetCharOffsets       Main CharList OffsetList;
LayerSetAscentPadding     Main 0;
LayerSetLineSpacingOffset Main 0;
LayerSetPointSize         Main 18;

SetDefaultPointSize  18;
