Define CharList
 ( 'A', 'B', 'C', 'D', 'E', 'F', 'G', 'H', 'I', 'J', 'K', 'L', 'M', 'N', 'O', 'P',
   'Q', 'R', 'S', 'T', 'U', 'V', 'W', 'X', 'Y', 'Z', '0', '1', '2', '3', '4', '5',
   '6', '7', '8', '9', '+', '=');

Define WidthList
 (  19,  18,  17,  20,  16,  16,  19,  20,  13,  13,  19,  15,  23,  20,  20,  18,
    20,  19,  17,  16,  19,  18,  27,  18,  18,  17,  17,  17,  17,  17,  17,  17,
    17,  17,  17,  17,  21,  21);

Define RectList
 ( (   0,  0, 19, 29), (  19,  0, 15, 29), (  34,  0, 15, 29), (  49,  0, 17, 29),
   (  66,  0, 12, 29), (  78,  0, 13, 29), (  91,  0, 16, 29), ( 107,  0, 16, 29),
   ( 123,  0, 11, 29), ( 134,  0, 10, 29), ( 144,  0, 17, 29), ( 161,  0, 13, 29),
   ( 174,  0, 19, 29), ( 193,  0, 16, 29), ( 209,  0, 18, 29), ( 227,  0, 15, 29),
   ( 242,  0, 18, 29), ( 260,  0, 17, 29), ( 277,  0, 15, 29), ( 292,  0, 15, 29),
   ( 307,  0, 15, 29), ( 322,  0, 18, 29), ( 340,  0, 25, 29), ( 365,  0, 18, 29),
   ( 383,  0, 17, 29), ( 400,  0, 15, 29), ( 415,  0, 15, 29), ( 430,  0, 13, 29),
   ( 443,  0, 14, 29), ( 457,  0, 13, 29), ( 470,  0, 15, 29), ( 485,  0, 13, 29),
   ( 498,  0, 14, 29), ( 512,  0, 13, 29), ( 525,  0, 15, 29), ( 540,  0, 14, 29),
   ( 554,  0, 15, 29), ( 569,  0, 15, 29));

Define OffsetList
 ( ( 0, 0), ( 2, 0), ( 1, 0), ( 2, 0), ( 2, 0), ( 2, 0), ( 1, 0), ( 2, 0),
   ( 1, 0), ( 1, 0), ( 2, 0), ( 2, 0), ( 2, 0), ( 2, 0), ( 1, 0), ( 2, 0),
   ( 1, 0), ( 2, 0), ( 1, 0), ( 1, 0), ( 2, 0), ( 0, 0), ( 1, 0), ( 0, 0),
   ( 1, 0), ( 1, 0), ( 1, 0), ( 3, 0), ( 2, 0), ( 2, 0), ( 1, 0), ( 2, 0),
   ( 2, 0), ( 2, 0), ( 1, 0), ( 1, 0), ( 3, 0), ( 3, 0));

CreateLayer          Main;
LayerSetImage        Main '../fonts/Verdana18Bold';
LayerSetAscent       Main 24;
LayerSetCharWidths   Main CharList WidthList;
LayerSetCharWidths   Main (' ') (8);
LayerSetImageMap     Main CharList RectList;
LayerSetCharOffsets  Main CharList OffsetList;
LayerSetPointSize    Main 18;

SetDefaultPointSize  18;
