Define CharList
 ( 'A', 'B', 'C', 'D', 'E', 'F', 'G', 'H', 'I', 'J', 'K', 'L', 'M', 'N', 'O', 'P',
   'Q', 'R', 'S', 'T', 'U', 'V', 'W', 'X', 'Y', 'Z', 'a', 'b', 'c', 'd', 'e', 'f',
   'g', 'h', 'i', 'j', 'k', 'l', 'm', 'n', 'o', 'p', 'q', 'r', 's', 't', 'u', 'v',
   'w', 'x', 'y', 'z', '0', '1', '2', '3', '4', '5', '6', '7', '8', '9', '~', '`',
   '!', '@', '#', '$', '%', '^', '&', '*', '(', ')', '-', '_', '=', '+', '[', '{',
   ']', '}', ';', ':',"'", '"', ',', '<', '.', '>', '/', '?', '¡', '¢', '£', '¥',
   '§', '©', '®', '¿', 'À', 'Á', 'Â', 'Ã', 'Ä', 'Å', 'Æ', 'Ç', 'È', 'É', 'Ê', 'Ë',
   'Ì', 'Í', 'Î', 'Ï', 'Ð', 'Ñ', 'Ò', 'Ó', 'Ô', 'Õ', 'Ö', 'Ø', 'Ù', 'Ú', 'Û', 'Ü',
   'Ý', 'ß', 'à', 'á', 'â', 'ã', 'ä', 'å', 'æ', 'ç', 'è', 'é', 'ê', 'ë', 'ì', 'í',
   'î', 'ï', 'ð', 'ñ', 'ò', 'ó', 'ô', 'õ', 'ö', 'ø', 'ù', 'ú', 'û', 'ü', 'ý', 'ÿ');

Define WidthList
 (  19,  18,  17,  20,  16,  16,  19,  20,  13,  13,  19,  15,  23,  20,  20,  18,
    20,  19,  17,  16,  19,  18,  27,  18,  18,  17,  16,  17,  14,  17,  16,  10,
    17,  17,   8,  10,  16,   8,  25,  17,  16,  17,  17,  12,  14,  11,  17,  16,
    24,  16,  16,  14,  17,  17,  17,  17,  17,  17,  17,  17,  17,  17,  21,  17,
    10,  23,  21,  17,  31,  21,  27,  17,  13,  13,  12,  17,  21,  21,  13,  17,
    13,  17,  10,  10,   8,  14,   9,  21,   9,  21,  17,  15,  10,  17,  17,  17,
    17,  23,  23,  15,  19,  19,  19,  19,  19,  19,  26,  17,  16,  16,  16,  16,
    13,  13,  13,  13,  20,  20,  20,  20,  20,  20,  20,  20,  19,  19,  19,  19,
    18,  17,  16,  16,  16,  16,  16,  16,  24,  14,  16,  16,  16,  16,   8,   8,
     8,   8,  16,  17,  16,  16,  16,  16,  16,  16,  17,  17,  17,  17,  16,  16);

Define RectList
 ( (   0,  0, 29, 39), (  30,  0, 25, 39), (  56,  0, 25, 39), (  82,  0, 27, 39),
   ( 110,  0, 22, 39), ( 133,  0, 23, 39), ( 157,  0, 26, 39), ( 184,  0, 26, 39),
   ( 211,  0, 21, 39), ( 233,  0, 20, 39), ( 254,  0, 27, 39), ( 282,  0, 23, 39),
   ( 306,  0, 29, 39), ( 336,  0, 26, 39), ( 363,  0, 28, 39), ( 392,  0, 25, 39),
   ( 418,  0, 28, 39), ( 447,  0, 27, 39), ( 475,  0, 25, 39), ( 501,  0, 25, 39),
   ( 527,  0, 25, 39), ( 553,  0, 28, 39), ( 582,  0, 35, 39), ( 618,  0, 28, 39),
   ( 647,  0, 27, 39), ( 675,  0, 25, 39), ( 701,  0, 23, 39), ( 725,  0, 24, 39),
   ( 750,  0, 22, 39), ( 773,  0, 24, 39), ( 798,  0, 24, 39), ( 823,  0, 20, 39),
   ( 844,  0, 24, 39), ( 869,  0, 23, 39), ( 893,  0, 15, 39), ( 909,  0, 19, 39),
   ( 929,  0, 24, 39), ( 954,  0, 15, 39), ( 970,  0, 31, 39), (1002,  0, 23, 39),
   (1026,  0, 24, 39), (1051,  0, 24, 39), (1076,  0, 24, 39), (1101,  0, 20, 39),
   (1122,  0, 22, 39), (1145,  0, 20, 39), (1166,  0, 23, 39), (1190,  0, 26, 39),
   (1217,  0, 32, 39), (1250,  0, 26, 39), (1277,  0, 26, 39), (1304,  0, 22, 39),
   (1327,  0, 25, 39), (1353,  0, 23, 39), (1377,  0, 24, 39), (1402,  0, 23, 39),
   (1426,  0, 25, 39), (1452,  0, 23, 39), (1476,  0, 24, 39), (1501,  0, 23, 39),
   (1525,  0, 25, 39), (1551,  0, 24, 39), (1576,  0, 27, 39), (1604,  0, 17, 39),
   (1622,  0, 15, 39), (1638,  0, 29, 39), (1668,  0, 27, 39), (1696,  0, 24, 39),
   (1721,  0, 37, 39), (1759,  0, 26, 39), (1786,  0, 30, 39), (1817,  0, 22, 39),
   (1840,  0, 19, 39), (1860,  0, 19, 39), (1880,  0, 19, 39), (1900,  0, 27, 39),
   (1928,  0, 25, 39), (1954,  0, 25, 39), (1980,  0, 18, 39), (1999,  0, 23, 39),
   (2023,  0, 18, 39), (2042,  0, 23, 39), (2066,  0, 17, 39), (2084,  0, 15, 39),
   (2100,  0, 14, 39), (2115,  0, 20, 39), (2136,  0, 17, 39), (2154,  0, 26, 39),
   (2181,  0, 15, 39), (2197,  0, 26, 39), (2224,  0, 23, 39), (2248,  0, 22, 39),
   (2271,  0, 15, 39), (2287,  0, 23, 39), (2311,  0, 23, 39), (2335,  0, 27, 39),
   (2363,  0, 23, 39), (2387,  0, 30, 39), (2418,  0, 30, 39), (2449,  0, 22, 39),
   (2472,  0, 29, 39), (2502,  0, 29, 39), (2532,  0, 29, 39), (2562,  0, 29, 39),
   (2592,  0, 29, 39), (2622,  0, 29, 39), (2652,  0, 34, 39), (2687,  0, 25, 39),
   (2713,  0, 22, 39), (2736,  0, 22, 39), (2759,  0, 22, 39), (2782,  0, 22, 39),
   (2805,  0, 21, 39), (2827,  0, 21, 39), (2849,  0, 21, 39), (2871,  0, 21, 39),
   (2893,  0, 29, 39), (2923,  0, 26, 39), (2950,  0, 28, 39), (2979,  0, 28, 39),
   (3008,  0, 28, 39), (3037,  0, 28, 39), (3066,  0, 28, 39), (3095,  0, 28, 39),
   (3124,  0, 25, 39), (3150,  0, 25, 39), (3176,  0, 25, 39), (3202,  0, 25, 39),
   (3228,  0, 27, 39), (3256,  0, 24, 39), (3281,  0, 23, 39), (3305,  0, 23, 39),
   (3329,  0, 23, 39), (3353,  0, 23, 39), (3377,  0, 23, 39), (3401,  0, 23, 39),
   (3425,  0, 32, 39), (3458,  0, 22, 39), (3481,  0, 24, 39), (3506,  0, 24, 39),
   (3531,  0, 24, 39), (3556,  0, 24, 39), (3581,  0, 17, 39), (3599,  0, 17, 39),
   (3617,  0, 19, 39), (3637,  0, 19, 39), (3657,  0, 24, 39), (3682,  0, 23, 39),
   (3706,  0, 24, 39), (3731,  0, 24, 39), (3756,  0, 24, 39), (3781,  0, 24, 39),
   (3806,  0, 24, 39), (3831,  0, 24, 39), (3856,  0, 23, 39), (3880,  0, 23, 39),
   (3904,  0, 23, 39), (3928,  0, 23, 39), (3952,  0, 26, 39), (3979,  0, 26, 39));

Define OffsetList
 ( (-5, 0), (-3, 0), (-4, 0), (-3, 0), (-3, 0), (-3, 0), (-4, 0), (-3, 0),
   (-4, 0), (-4, 0), (-3, 0), (-3, 0), (-3, 0), (-3, 0), (-4, 0), (-3, 0),
   (-4, 0), (-3, 0), (-4, 0), (-4, 0), (-3, 0), (-5, 0), (-4, 0), (-5, 0),
   (-4, 0), (-4, 0), (-4, 0), (-3, 0), (-4, 0), (-4, 0), (-4, 0), (-5, 0),
   (-4, 0), (-3, 0), (-3, 0), (-6, 0), (-3, 0), (-3, 0), (-3, 0), (-3, 0),
   (-4, 0), (-3, 0), (-4, 0), (-3, 0), (-4, 0), (-5, 0), (-3, 0), (-5, 0),
   (-4, 0), (-5, 0), (-5, 0), (-4, 0), (-4, 0), (-2, 0), (-3, 0), (-3, 0),
   (-4, 0), (-3, 0), (-3, 0), (-3, 0), (-4, 0), (-4, 0), (-3, 0), (-1, 0),
   (-3, 0), (-3, 0), (-3, 0), (-3, 0), (-3, 0), (-3, 0), (-4, 0), (-3, 0),
   (-3, 0), (-3, 0), (-4, 0), (-5, 0), (-2, 0), (-2, 0), (-2, 0), (-3, 0),
   (-3, 0), (-2, 0), (-3, 0), (-2, 0), (-3, 0), (-3, 0), (-5, 0), (-3, 0),
   (-3, 0), (-2, 0), (-4, 0), (-3, 0), (-3, 0), (-3, 0), (-3, 0), (-5, 0),
   (-3, 0), (-4, 0), (-4, 0), (-4, 0), (-5, 0), (-5, 0), (-5, 0), (-5, 0),
   (-5, 0), (-5, 0), (-5, 0), (-4, 0), (-3, 0), (-3, 0), (-3, 0), (-3, 0),
   (-4, 0), (-4, 0), (-4, 0), (-4, 0), (-5, 0), (-3, 0), (-4, 0), (-4, 0),
   (-4, 0), (-4, 0), (-4, 0), (-4, 0), (-3, 0), (-3, 0), (-3, 0), (-3, 0),
   (-4, 0), (-3, 0), (-4, 0), (-4, 0), (-4, 0), (-4, 0), (-4, 0), (-4, 0),
   (-4, 0), (-4, 0), (-4, 0), (-4, 0), (-4, 0), (-4, 0), (-4, 0), (-3, 0),
   (-5, 0), (-5, 0), (-4, 0), (-3, 0), (-4, 0), (-4, 0), (-4, 0), (-4, 0),
   (-4, 0), (-4, 0), (-3, 0), (-3, 0), (-3, 0), (-3, 0), (-5, 0), (-5, 0));

CreateLayer               Main;
LayerSetImage             Main '../fonts/Verdana18BoldColor';
LayerSetAscent            Main 29;
LayerSetCharWidths        Main CharList WidthList;
LayerSetCharWidths        Main (' ') (8);
LayerSetImageMap          Main CharList RectList;
LayerSetCharOffsets       Main CharList OffsetList;
LayerSetAscentPadding     Main 5;
LayerSetLineSpacingOffset Main -5;
LayerSetPointSize         Main 18;

SetDefaultPointSize  18;
