Define CharList
 ( 'A', 'B', 'C', 'D', 'E', 'F', 'G', 'H', 'I', 'J', 'K', 'L', 'M', 'N', 'O', 'P',
   'Q', 'R', 'S', 'T', 'U', 'V', 'W', 'X', 'Y', 'Z', 'a', 'b', 'c', 'd', 'e', 'f',
   'g', 'h', 'i', 'j', 'k', 'l', 'm', 'n', 'o', 'p', 'q', 'r', 's', 't', 'u', 'v',
   'w', 'x', 'y', 'z', '0', '1', '2', '3', '4', '5', '6', '7', '8', '9', '~', '`',
   '!', '@', '#', '$', '%', '^', '&', '*', '(', ')', '-', '_', '=', '+', '[', '{',
   ']', '}','\\', '|', ';', ':',"'", '"', ',', '<', '.', '>', '/', '?', '¡', '¢',
   '£', '¥', '§', '©', '®', '¿', 'À', 'Á', 'Â', 'Ã', 'Ä', 'Å', 'Æ', 'Ç', 'È', 'É',
   'Ê', 'Ë', 'Ì', 'Í', 'Î', 'Ï', 'Ð', 'Ñ', 'Ò', 'Ó', 'Ô', 'Õ', 'Ö', 'Ø', 'Ù', 'Ú',
   'Û', 'Ü', 'Ý', 'ß', 'à', 'á', 'â', 'ã', 'ä', 'å', 'æ', 'ç', 'è', 'é', 'ê', 'ë',
   'ì', 'í', 'î', 'ï', 'ð', 'ñ', 'ò', 'ó', 'ô', 'õ', 'ö', 'ø', 'ù', 'ú', 'û', 'ü',
   'ý', 'ÿ');

Define WidthList
 (  10,  10,  10,  11,   9,   9,  11,  11,   7,   7,  10,   8,  13,  11,  11,  10,
    11,  10,   9,   9,  11,  10,  15,  10,  10,   9,   9,   9,   8,   9,   9,   5,
     9,   9,   4,   5,   9,   4,  14,   9,   9,   9,   9,   6,   8,   6,   9,   9,
    13,   9,   9,   8,   9,   9,   9,   9,   9,   9,   9,   9,   9,   9,  11,   9,
     5,  13,  11,   9,  17,  11,  15,   9,   7,   7,   6,   9,  11,  11,   7,   9,
     7,   9,   9,   7,   5,   5,   4,   8,   5,  11,   5,  11,   9,   8,   5,   9,
     9,   9,   9,  13,  13,   8,  10,  10,  10,  10,  10,  10,  15,  10,   9,   9,
     9,   9,   7,   7,   7,   7,  11,  11,  11,  11,  11,  11,  11,  11,  11,  11,
    11,  11,  10,   9,   9,   9,   9,   9,   9,   9,  13,   8,   9,   9,   9,   9,
     4,   4,   4,   4,   9,   9,   9,   9,   9,   9,   9,   9,   9,   9,   9,   9,
     9,   9);

Define RectList
 ( (   0,  0, 11, 16), (  12,  0,  9, 16), (  22,  0, 10, 16), (  33,  0, 10, 16),
   (  44,  0,  7, 16), (  52,  0,  8, 16), (  61,  0, 10, 16), (  72,  0,  9, 16),
   (  82,  0,  6, 16), (  89,  0,  7, 16), (  97,  0, 10, 16), ( 108,  0,  7, 16),
   ( 116,  0, 11, 16), ( 128,  0,  9, 16), ( 138,  0, 11, 16), ( 150,  0,  9, 16),
   ( 160,  0, 11, 16), ( 172,  0, 10, 16), ( 183,  0,  9, 16), ( 193,  0,  9, 16),
   ( 203,  0,  9, 16), ( 213,  0, 11, 16), ( 225,  0, 15, 16), ( 241,  0, 11, 16),
   ( 253,  0, 10, 16), ( 264,  0,  9, 16), ( 274,  0,  8, 16), ( 283,  0,  8, 16),
   ( 292,  0,  8, 16), ( 301,  0,  9, 16), ( 311,  0,  9, 16), ( 321,  0,  6, 16),
   ( 328,  0,  9, 16), ( 338,  0,  8, 16), ( 347,  0,  3, 16), ( 351,  0,  6, 16),
   ( 358,  0,  8, 16), ( 367,  0,  3, 16), ( 371,  0, 13, 16), ( 385,  0,  8, 16),
   ( 394,  0,  9, 16), ( 404,  0,  8, 16), ( 413,  0,  9, 16), ( 423,  0,  6, 16),
   ( 430,  0,  8, 16), ( 439,  0,  6, 16), ( 446,  0,  8, 16), ( 455,  0,  9, 16),
   ( 465,  0, 13, 16), ( 479,  0,  9, 16), ( 489,  0,  9, 16), ( 499,  0,  8, 16),
   ( 508,  0,  9, 16), ( 518,  0,  7, 16), ( 526,  0,  8, 16), ( 535,  0,  8, 16),
   ( 544,  0,  9, 16), ( 554,  0,  8, 16), ( 563,  0,  8, 16), ( 572,  0,  8, 16),
   ( 581,  0,  9, 16), ( 591,  0,  9, 16), ( 601,  0, 10, 16), ( 612,  0,  5, 16),
   ( 618,  0,  3, 16), ( 622,  0, 11, 16), ( 634,  0, 10, 16), ( 645,  0,  8, 16),
   ( 654,  0, 15, 16), ( 670,  0, 10, 16), ( 681,  0, 11, 16), ( 693,  0,  7, 16),
   ( 701,  0,  6, 16), ( 708,  0,  5, 16), ( 714,  0,  6, 16), ( 721,  0, 10, 16),
   ( 732,  0,  9, 16), ( 742,  0, 10, 16), ( 753,  0,  5, 16), ( 759,  0,  7, 16),
   ( 767,  0,  5, 16), ( 773,  0,  8, 16), ( 782,  0,  8, 16), ( 791,  0,  3, 16),
   ( 795,  0,  5, 16), ( 801,  0,  3, 16), ( 805,  0,  3, 16), ( 809,  0,  6, 16),
   ( 816,  0,  4, 16), ( 821,  0, 10, 16), ( 832,  0,  3, 16), ( 836,  0, 10, 16),
   ( 847,  0,  8, 16), ( 856,  0,  7, 16), ( 864,  0,  3, 16), ( 868,  0,  8, 16),
   ( 877,  0,  8, 16), ( 886,  0,  9, 16), ( 896,  0,  8, 16), ( 905,  0, 12, 16),
   ( 918,  0, 12, 16), ( 931,  0,  8, 16), ( 940,  0, 11, 16), ( 952,  0, 11, 16),
   ( 964,  0, 11, 16), ( 976,  0, 11, 16), ( 988,  0, 11, 16), (1000,  0, 11, 16),
   (1012,  0, 14, 16), (1027,  0, 10, 16), (1038,  0,  7, 16), (1046,  0,  7, 16),
   (1054,  0,  7, 16), (1062,  0,  7, 16), (1070,  0,  6, 16), (1077,  0,  6, 16),
   (1084,  0,  6, 16), (1091,  0,  6, 16), (1098,  0, 11, 16), (1110,  0,  9, 16),
   (1120,  0, 11, 16), (1132,  0, 11, 16), (1144,  0, 11, 16), (1156,  0, 11, 16),
   (1168,  0, 11, 16), (1180,  0, 11, 16), (1192,  0,  9, 16), (1202,  0,  9, 16),
   (1212,  0,  9, 16), (1222,  0,  9, 16), (1232,  0, 10, 16), (1243,  0,  8, 16),
   (1252,  0,  8, 16), (1261,  0,  8, 16), (1270,  0,  8, 16), (1279,  0,  8, 16),
   (1288,  0,  8, 16), (1297,  0,  8, 16), (1306,  0, 13, 16), (1320,  0,  8, 16),
   (1329,  0,  9, 16), (1339,  0,  9, 16), (1349,  0,  9, 16), (1359,  0,  9, 16),
   (1369,  0,  4, 16), (1374,  0,  5, 16), (1380,  0,  5, 16), (1386,  0,  5, 16),
   (1392,  0,  9, 16), (1402,  0,  8, 16), (1411,  0,  9, 16), (1421,  0,  9, 16),
   (1431,  0,  9, 16), (1441,  0,  9, 16), (1451,  0,  9, 16), (1461,  0,  9, 16),
   (1471,  0,  8, 16), (1480,  0,  8, 16), (1489,  0,  8, 16), (1498,  0,  8, 16),
   (1507,  0,  9, 16), (1517,  0,  9, 16));

Define OffsetList
 ( ( 0, 0), ( 1, 0), ( 0, 0), ( 1, 0), ( 1, 0), ( 1, 0), ( 0, 0), ( 1, 0),
   ( 1, 0), ( 0, 0), ( 1, 0), ( 1, 0), ( 1, 0), ( 1, 0), ( 0, 0), ( 1, 0),
   ( 0, 0), ( 1, 0), ( 0, 0), ( 0, 0), ( 1, 0), ( 0, 0), ( 0, 0), ( 0, 0),
   ( 0, 0), ( 0, 0), ( 0, 0), ( 1, 0), ( 0, 0), ( 0, 0), ( 0, 0), ( 0, 0),
   ( 0, 0), ( 1, 0), ( 1, 0), (-1, 0), ( 1, 0), ( 1, 0), ( 1, 0), ( 1, 0),
   ( 0, 0), ( 1, 0), ( 0, 0), ( 1, 0), ( 0, 0), ( 0, 0), ( 1, 0), ( 0, 0),
   ( 0, 0), ( 0, 0), ( 0, 0), ( 0, 0), ( 0, 0), ( 2, 0), ( 1, 0), ( 1, 0),
   ( 0, 0), ( 1, 0), ( 1, 0), ( 1, 0), ( 0, 0), ( 0, 0), ( 1, 0), ( 2, 0),
   ( 1, 0), ( 1, 0), ( 1, 0), ( 1, 0), ( 1, 0), ( 1, 0), ( 1, 0), ( 1, 0),
   ( 1, 0), ( 1, 0), ( 0, 0), ( 0, 0), ( 1, 0), ( 1, 0), ( 1, 0), ( 1, 0),
   ( 1, 0), ( 1, 0), ( 1, 0), ( 2, 0), ( 0, 0), ( 1, 0), ( 1, 0), ( 1, 0),
   ( 0, 0), ( 1, 0), ( 1, 0), ( 1, 0), ( 1, 0), ( 1, 0), ( 1, 0), ( 1, 0),
   ( 1, 0), ( 0, 0), ( 1, 0), ( 1, 0), ( 1, 0), ( 0, 0), ( 0, 0), ( 0, 0),
   ( 0, 0), ( 0, 0), ( 0, 0), ( 0, 0), ( 0, 0), ( 0, 0), ( 1, 0), ( 1, 0),
   ( 1, 0), ( 1, 0), ( 1, 0), ( 1, 0), ( 1, 0), ( 1, 0), ( 0, 0), ( 1, 0),
   ( 0, 0), ( 0, 0), ( 0, 0), ( 0, 0), ( 0, 0), ( 0, 0), ( 1, 0), ( 1, 0),
   ( 1, 0), ( 1, 0), ( 0, 0), ( 1, 0), ( 0, 0), ( 0, 0), ( 0, 0), ( 0, 0),
   ( 0, 0), ( 0, 0), ( 0, 0), ( 0, 0), ( 0, 0), ( 0, 0), ( 0, 0), ( 0, 0),
   ( 0, 0), ( 0, 0), ( 0, 0), ( 0, 0), ( 0, 0), ( 1, 0), ( 0, 0), ( 0, 0),
   ( 0, 0), ( 0, 0), ( 0, 0), ( 0, 0), ( 1, 0), ( 1, 0), ( 1, 0), ( 1, 0),
   ( 0, 0), ( 0, 0));

CreateLayer          Main;
LayerSetImage        Main '../fonts/Verdana10Bold';
LayerSetAscent       Main 13;
LayerSetCharWidths   Main CharList WidthList;
LayerSetCharWidths   Main (' ') (5);
LayerSetImageMap     Main CharList RectList;
LayerSetCharOffsets  Main CharList OffsetList;
LayerSetPointSize    Main 10;

SetDefaultPointSize  10;
