Define CharList
 ( 'A', 'B', 'C', 'D', 'E', 'F', 'G', 'H', 'I', 'J', 'K', 'L', 'M', 'N', 'O', 'P',
   'Q', 'R', 'S', 'T', 'U', 'V', 'W', 'X', 'Y', 'Z', 'a', 'b', 'c', 'd', 'e', 'f',
   'g', 'h', 'i', 'j', 'k', 'l', 'm', 'n', 'o', 'p', 'q', 'r', 's', 't', 'u', 'v',
   'w', 'x', 'y', 'z', '0', '1', '2', '3', '4', '5', '6', '7', '8', '9', '~', '`',
   '!', '@', '#', '$', '%', '^', '&', '*', '(', ')', '-', '_', '=', '+', '[', '{',
   ']', '}', ';', ':',"'", '"', ',', '<', '.', '>', '/', '?');

Define WidthList
 (  13,   9,  12,  12,   9,   9,  12,  11,   5,   5,  11,   9,  14,  12,  13,   9,
    13,   9,   8,   9,  10,  13,  18,  11,  11,  11,   8,  10,   9,  10,   9,   7,
     9,   9,   5,   5,  10,   5,  13,   9,  10,  10,  10,   7,   7,   7,   8,  10,
    14,   9,   8,   9,  10,  10,  10,  10,  10,  10,  10,  10,  10,  10,   8,   4,
     5,  12,  13,   8,  13,   8,  10,  10,   5,   5,   6,  10,  10,  10,   7,   6,
     7,   6,   4,   4,   4,   8,   4,  10,   4,  10,  10,   8);

Define RectList
 ( (   0,  0, 13, 19), (  14,  0,  9, 19), (  24,  0, 12, 19), (  37,  0, 12, 19),
   (  50,  0,  8, 19), (  59,  0,  8, 19), (  68,  0, 12, 19), (  81,  0, 10, 19),
   (  92,  0,  3, 19), (  96,  0,  7, 19), ( 104,  0, 10, 19), ( 115,  0,  8, 19),
   ( 124,  0, 14, 19), ( 139,  0, 11, 19), ( 151,  0, 13, 19), ( 165,  0,  9, 19),
   ( 175,  0, 13, 19), ( 189,  0,  9, 19), ( 199,  0,  9, 19), ( 209,  0, 11, 19),
   ( 221,  0, 10, 19), ( 232,  0, 13, 19), ( 246,  0, 18, 19), ( 265,  0, 11, 19),
   ( 277,  0, 11, 19), ( 289,  0, 11, 19), ( 301,  0,  8, 19), ( 310,  0, 10, 19),
   ( 321,  0,  9, 19), ( 331,  0, 10, 19), ( 342,  0,  9, 19), ( 352,  0,  8, 19),
   ( 361,  0,  9, 19), ( 371,  0,  8, 19), ( 380,  0,  3, 19), ( 384,  0,  5, 19),
   ( 390,  0,  9, 19), ( 400,  0,  5, 19), ( 406,  0, 11, 19), ( 418,  0,  8, 19),
   ( 427,  0, 10, 19), ( 438,  0, 10, 19), ( 449,  0, 10, 19), ( 460,  0,  6, 19),
   ( 467,  0,  7, 19), ( 475,  0,  8, 19), ( 484,  0,  8, 19), ( 493,  0, 10, 19),
   ( 504,  0, 14, 19), ( 519,  0,  9, 19), ( 529,  0,  8, 19), ( 538,  0,  9, 19),
   ( 548,  0, 11, 19), ( 560,  0,  8, 19), ( 569,  0,  9, 19), ( 579,  0,  9, 19),
   ( 589,  0, 10, 19), ( 600,  0, 10, 19), ( 611,  0, 10, 19), ( 622,  0, 10, 19),
   ( 633,  0,  9, 19), ( 643,  0, 10, 19), ( 654,  0,  8, 19), ( 663,  0,  4, 19),
   ( 668,  0,  3, 19), ( 672,  0, 12, 19), ( 685,  0, 13, 19), ( 699,  0,  9, 19),
   ( 709,  0, 13, 19), ( 723,  0,  8, 19), ( 732,  0, 11, 19), ( 744,  0, 10, 19),
   ( 755,  0,  5, 19), ( 761,  0,  5, 19), ( 767,  0,  7, 19), ( 775,  0, 10, 19),
   ( 786,  0, 10, 19), ( 797,  0, 11, 19), ( 809,  0,  7, 19), ( 817,  0,  6, 19),
   ( 824,  0,  7, 19), ( 832,  0,  7, 19), ( 840,  0,  5, 19), ( 846,  0,  3, 19),
   ( 850,  0,  4, 19), ( 855,  0,  8, 19), ( 864,  0,  4, 19), ( 869,  0, 10, 19),
   ( 880,  0,  3, 19), ( 884,  0, 10, 19), ( 895,  0, 10, 19), ( 906,  0,  8, 19));

Define OffsetList
 ( ( 0, 0), ( 1, 0), ( 0, 0), ( 1, 0), ( 1, 0), ( 1, 0), ( 0, 0), ( 1, 0),
   ( 1, 0), (-1, 0), ( 1, 0), ( 1, 0), ( 0, 0), ( 1, 0), ( 0, 0), ( 1, 0),
   ( 0, 0), ( 1, 0), ( 0, 0), ( 0, 0), ( 0, 0), ( 0, 0), ( 0, 0), ( 0, 0),
   ( 0, 0), ( 0, 0), ( 0, 0), ( 0, 0), ( 0, 0), ( 0, 0), ( 0, 0), ( 0, 0),
   ( 0, 0), ( 1, 0), ( 1, 0), ( 0, 0), ( 1, 0), ( 0, 0), ( 1, 0), ( 1, 0),
   ( 0, 0), ( 1, 0), ( 0, 0), ( 1, 0), ( 0, 0), ( 0, 0), ( 0, 0), ( 0, 0),
   ( 0, 0), ( 0, 0), ( 0, 0), ( 0, 0), ( 0, 0), ( 1, 0), ( 0, 0), ( 0, 0),
   ( 0, 0), ( 0, 0), ( 0, 0), ( 0, 0), ( 0, 0), ( 0, 0), ( 0, 0), ( 0, 0),
   ( 1, 0), ( 0, 0), ( 0, 0), ( 0, 0), ( 0, 0), ( 0, 0), ( 0, 0), ( 0, 0),
   ( 0, 0), ( 0, 0), ( 0, 0), ( 0, 0), ( 0, 0), ( 0, 0), ( 1, 0), ( 0, 0),
   ( 0, 0), ( 0, 0), ( 0, 0), ( 1, 0), ( 0, 0), ( 0, 0), ( 0, 0), ( 0, 0),
   ( 1, 0), ( 0, 0), ( 0, 0), ( 0, 0));

CreateLayer               Main;
LayerSetImage             Main '../images/eurofurence14Bold';
LayerSetAscent            Main 16;
LayerSetCharWidths        Main CharList WidthList;
LayerSetCharWidths        Main (' ') (4);
LayerSetImageMap          Main CharList RectList;
LayerSetCharOffsets       Main CharList OffsetList;
LayerSetAscentPadding     Main 0;
LayerSetLineSpacingOffset Main 0;
LayerSetPointSize         Main 14;

SetDefaultPointSize  14;
