Define CharList
 ( 'A', 'B', 'C', 'D', 'E', 'F', 'G', 'H', 'I', 'J', 'K', 'L', 'M', 'N', 'O', 'P',
   'Q', 'R', 'S', 'T', 'U', 'V', 'W', 'X', 'Y', 'Z', 'a', 'b', 'c', 'd', 'e', 'f',
   'g', 'h', 'i', 'j', 'k', 'l', 'm', 'n', 'o', 'p', 'q', 'r', 's', 't', 'u', 'v',
   'w', 'x', 'y', 'z', '0', '1', '2', '3', '4', '5', '6', '7', '8', '9', '~', '`',
   '!', '@', '#', '$', '%', '^', '&', '*', '(', ')', '-', '_', '=', '+', '[', '{',
   ']', '}', ';', ':',"'", '"', ',', '<', '.', '>', '/', '?');

Define WidthList
 (  12,   9,  11,  12,   9,   8,  12,  11,   4,   5,   9,   9,  14,  12,  13,   9,
    13,   9,   8,   9,  10,  12,  18,  10,  10,  10,   7,  10,   8,  10,   9,   7,
     8,   8,   4,   4,   8,   4,  13,   8,   9,  10,  10,   6,   6,   7,   8,   9,
    14,   8,   8,   8,   9,   9,   9,   9,   9,   9,   9,   9,   9,   9,   7,   3,
     4,  11,  13,   8,  13,   7,  10,   9,   4,   4,   6,   9,   9,   9,   6,   6,
     6,   6,   3,   3,   3,   6,   3,   9,   3,   9,   9,   7);

Define RectList
 ( (   0,  0, 13, 19), (  14,  0,  8, 19), (  23,  0, 11, 19), (  35,  0, 11, 19),
   (  47,  0,  8, 19), (  56,  0,  8, 19), (  65,  0, 10, 19), (  76,  0,  9, 19),
   (  86,  0,  2, 19), (  89,  0,  6, 19), (  96,  0,  8, 19), ( 105,  0,  8, 19),
   ( 114,  0, 14, 19), ( 129,  0, 11, 19), ( 141,  0, 13, 19), ( 155,  0,  8, 19),
   ( 164,  0, 13, 19), ( 178,  0,  8, 19), ( 187,  0,  8, 19), ( 196,  0, 10, 19),
   ( 207,  0,  9, 19), ( 217,  0, 13, 19), ( 231,  0, 18, 19), ( 250,  0, 10, 19),
   ( 261,  0, 10, 19), ( 272,  0, 10, 19), ( 283,  0,  7, 19), ( 291,  0,  9, 19),
   ( 301,  0,  8, 19), ( 310,  0,  8, 19), ( 319,  0,  9, 19), ( 329,  0,  7, 19),
   ( 337,  0,  8, 19), ( 346,  0,  7, 19), ( 354,  0,  2, 19), ( 357,  0,  4, 19),
   ( 362,  0,  7, 19), ( 370,  0,  4, 19), ( 375,  0, 12, 19), ( 388,  0,  7, 19),
   ( 396,  0,  9, 19), ( 406,  0,  9, 19), ( 416,  0,  8, 19), ( 425,  0,  6, 19),
   ( 432,  0,  6, 19), ( 439,  0,  7, 19), ( 447,  0,  7, 19), ( 455,  0,  9, 19),
   ( 465,  0, 14, 19), ( 480,  0,  8, 19), ( 489,  0,  7, 19), ( 497,  0,  8, 19),
   ( 506,  0,  9, 19), ( 516,  0,  7, 19), ( 524,  0,  8, 19), ( 533,  0,  9, 19),
   ( 543,  0,  9, 19), ( 553,  0,  9, 19), ( 563,  0,  9, 19), ( 573,  0,  9, 19),
   ( 583,  0,  7, 19), ( 591,  0,  9, 19), ( 601,  0,  7, 19), ( 609,  0,  3, 19),
   ( 613,  0,  3, 19), ( 617,  0, 12, 19), ( 630,  0, 13, 19), ( 644,  0,  8, 19),
   ( 653,  0, 13, 19), ( 667,  0,  7, 19), ( 675,  0, 10, 19), ( 686,  0, 10, 19),
   ( 697,  0,  4, 19), ( 702,  0,  4, 19), ( 707,  0,  6, 19), ( 714,  0,  9, 19),
   ( 724,  0,  9, 19), ( 734,  0, 10, 19), ( 745,  0,  6, 19), ( 752,  0,  6, 19),
   ( 759,  0,  6, 19), ( 766,  0,  6, 19), ( 773,  0,  4, 19), ( 778,  0,  1, 19),
   ( 780,  0,  3, 19), ( 784,  0,  6, 19), ( 791,  0,  3, 19), ( 795,  0,  9, 19),
   ( 805,  0,  1, 19), ( 807,  0,  9, 19), ( 817,  0,  9, 19), ( 827,  0,  7, 19));

Define OffsetList
 ( ( 0, 0), ( 1, 0), ( 0, 0), ( 1, 0), ( 1, 0), ( 1, 0), ( 1, 0), ( 1, 0),
   ( 1, 0), (-1, 0), ( 1, 0), ( 1, 0), ( 0, 0), ( 1, 0), ( 0, 0), ( 1, 0),
   ( 0, 0), ( 1, 0), ( 0, 0), ( 0, 0), ( 0, 0), ( 0, 0), ( 0, 0), ( 0, 0),
   ( 0, 0), ( 0, 0), ( 0, 0), ( 0, 0), ( 0, 0), ( 1, 0), ( 0, 0), ( 0, 0),
   ( 0, 0), ( 1, 0), ( 0, 0), (-1, 0), ( 1, 0), ( 0, 0), ( 1, 0), ( 1, 0),
   ( 0, 0), ( 1, 0), ( 1, 0), ( 1, 0), ( 0, 0), ( 0, 0), ( 0, 0), ( 0, 0),
   ( 0, 0), ( 0, 0), ( 0, 0), ( 0, 0), ( 0, 0), ( 1, 0), ( 0, 0), ( 0, 0),
   ( 0, 0), ( 0, 0), ( 0, 0), ( 0, 0), ( 1, 0), ( 0, 0), ( 0, 0), ( 0, 0),
   ( 0, 0), ( 0, 0), ( 0, 0), ( 0, 0), ( 0, 0), ( 0, 0), ( 0, 0), ( 0, 0),
   ( 0, 0), ( 0, 0), ( 0, 0), ( 0, 0), ( 0, 0), ( 0, 0), ( 1, 0), ( 0, 0),
   ( 0, 0), ( 0, 0), ( 0, 0), ( 1, 0), ( 0, 0), ( 0, 0), ( 0, 0), ( 0, 0),
   ( 1, 0), ( 0, 0), ( 0, 0), ( 0, 0));

CreateLayer               Main;
LayerSetImage             Main '../images/eurofurence14';
LayerSetAscent            Main 15;
LayerSetCharWidths        Main CharList WidthList;
LayerSetCharWidths        Main (' ') (4);
LayerSetImageMap          Main CharList RectList;
LayerSetCharOffsets       Main CharList OffsetList;
LayerSetAscentPadding     Main 0;
LayerSetLineSpacingOffset Main 0;
LayerSetPointSize         Main 14;

SetDefaultPointSize  14;
