Define CharList
 ( 'A', 'B', 'C', 'D', 'E', 'F', 'G', 'H', 'I', 'J', 'K', 'L', 'M', 'N', 'O', 'P',
   'Q', 'R', 'S', 'T', 'U', 'V', 'W', 'X', 'Y', 'Z', 'a', 'b', 'c', 'd', 'e', 'f',
   'g', 'h', 'i', 'j', 'k', 'l', 'm', 'n', 'o', 'p', 'q', 'r', 's', 't', 'u', 'v',
   'w', 'x', 'y', 'z', '0', '1', '2', '3', '4', '5', '6', '7', '8', '9', '~', '`',
   '!', '@', '#', '$', '%', '^', '&', '*', '(', ')', '-', '_', '=', '+', '[', '{',
   ']', '}', ';', ':',"'", '"', ',', '<', '.', '>', '/', '?', '¡', '¢', '£', '¥',
   '§', '©', '®', '¿', 'À', 'Á', 'Â', 'Ã', 'Ä', 'Å', 'Æ', 'Ç', 'È', 'É', 'Ê', 'Ë',
   'Ì', 'Í', 'Î', 'Ï', 'Ð', 'Ñ', 'Ò', 'Ó', 'Ô', 'Õ', 'Ö', 'Ø', 'Ù', 'Ú', 'Û', 'Ü',
   'Ý', 'ß', 'à', 'á', 'â', 'ã', 'ä', 'å', 'æ', 'ç', 'è', 'é', 'ê', 'ë', 'ì', 'í',
   'î', 'ï', 'ð', 'ñ', 'ò', 'ó', 'ô', 'õ', 'ö', 'ø', 'ù', 'ú', 'û', 'ü', 'ý', 'ÿ');

Define WidthList
 (  19,  16,  19,  21,  18,  16,  26,  21,  12,  14,  19,  16,  30,  23,  20,  17,
    25,  18,  19,  17,  22,  18,  31,  15,  15,  19,  16,  17,  14,  16,  15,  11,
    16,  16,   7,   7,  17,   7,  24,  14,  15,  17,  16,  13,  14,  11,  14,  12,
    19,  14,  14,  13,  16,   9,  14,  14,  14,  14,  16,  16,  16,  16,  16,   8,
     8,  19,  17,  19,  18,  10,  17,  13,  11,  11,  13,  32,  15,  16,  10,  10,
    10,  10,   7,   7,   7,  13,   7,  10,   7,  11,  13,  14,   8,  14,  16,  15,
    19,  14,  18,  14,  19,  19,  19,  19,  19,  19,  31,  19,  18,  18,  18,  18,
    12,  12,  12,  12,  31,  31,  20,  20,  20,  20,  20,  20,  22,  22,  22,  22,
    22,  16,  16,  16,  16,  16,  16,  16,  31,  14,  15,  15,  15,  15,   7,   7,
     7,   7,  15,  14,  15,  15,  15,  15,  15,  15,  14,  14,  14,  14,  14,  14);

Define RectList
 ( (   0,  0, 18, 39), (  19,  0, 13, 39), (  33,  0, 17, 39), (  51,  0, 19, 39),
   (  71,  0, 14, 39), (  86,  0, 14, 39), ( 101,  0, 26, 39), ( 128,  0, 18, 39),
   ( 147,  0, 10, 39), ( 158,  0, 15, 39), ( 174,  0, 18, 39), ( 193,  0, 14, 39),
   ( 208,  0, 27, 39), ( 236,  0, 17, 39), ( 254,  0, 18, 39), ( 273,  0, 15, 39),
   ( 289,  0, 23, 39), ( 313,  0, 16, 39), ( 330,  0, 17, 39), ( 348,  0, 21, 39),
   ( 370,  0, 18, 39), ( 389,  0, 19, 39), ( 409,  0, 29, 39), ( 439,  0, 16, 39),
   ( 456,  0, 16, 39), ( 473,  0, 19, 39), ( 493,  0, 13, 39), ( 507,  0, 15, 39),
   ( 523,  0, 13, 39), ( 537,  0, 15, 39), ( 553,  0, 14, 39), ( 568,  0, 11, 39),
   ( 580,  0, 14, 39), ( 595,  0, 14, 39), ( 610,  0,  5, 39), ( 616,  0,  9, 39),
   ( 626,  0, 16, 39), ( 643,  0,  4, 39), ( 648,  0, 21, 39), ( 670,  0, 11, 39),
   ( 682,  0, 13, 39), ( 696,  0, 15, 39), ( 712,  0, 17, 39), ( 730,  0, 11, 39),
   ( 742,  0, 14, 39), ( 757,  0, 11, 39), ( 769,  0, 12, 39), ( 782,  0, 12, 39),
   ( 795,  0, 17, 39), ( 813,  0, 14, 39), ( 828,  0, 14, 39), ( 843,  0, 12, 39),
   ( 856,  0, 13, 39), ( 870,  0,  3, 39), ( 874,  0, 13, 39), ( 888,  0, 12, 39),
   ( 901,  0, 13, 39), ( 915,  0, 13, 39), ( 929,  0, 14, 39), ( 944,  0, 17, 39),
   ( 962,  0, 15, 39), ( 978,  0, 14, 39), ( 993,  0, 15, 39), (1009,  0,  6, 39),
   (1016,  0,  4, 39), (1021,  0, 16, 39), (1038,  0, 16, 39), (1055,  0, 16, 39),
   (1072,  0, 16, 39), (1089,  0, 10, 39), (1100,  0, 16, 39), (1117,  0, 12, 39),
   (1130,  0, 10, 39), (1141,  0, 11, 39), (1153,  0, 11, 39), (1165,  0, 32, 39),
   (1198,  0, 13, 39), (1212,  0, 13, 39), (1226,  0,  6, 39), (1233,  0,  9, 39),
   (1243,  0,  7, 39), (1251,  0,  9, 39), (1261,  0,  5, 39), (1267,  0,  4, 39),
   (1272,  0,  5, 39), (1278,  0, 10, 39), (1289,  0,  5, 39), (1295,  0, 10, 39),
   (1306,  0,  4, 39), (1311,  0, 10, 39), (1322,  0, 13, 39), (1336,  0, 11, 39),
   (1348,  0,  6, 39), (1355,  0, 19, 39), (1375,  0, 20, 39), (1396,  0, 22, 39),
   (1419,  0, 23, 39), (1443,  0, 19, 39), (1463,  0, 22, 39), (1486,  0, 15, 39),
   (1502,  0, 24, 39), (1527,  0, 24, 39), (1552,  0, 24, 39), (1577,  0, 24, 39),
   (1602,  0, 24, 39), (1627,  0, 24, 39), (1652,  0, 39, 39), (1692,  0, 23, 39),
   (1716,  0, 20, 39), (1737,  0, 20, 39), (1758,  0, 20, 39), (1779,  0, 20, 39),
   (1800,  0, 14, 39), (1815,  0, 14, 39), (1830,  0, 14, 39), (1845,  0, 14, 39),
   (1860,  0, 39, 39), (1900,  0, 39, 39), (1940,  0, 24, 39), (1965,  0, 24, 39),
   (1990,  0, 24, 39), (2015,  0, 24, 39), (2040,  0, 24, 39), (2065,  0, 24, 39),
   (2090,  0, 24, 39), (2115,  0, 24, 39), (2140,  0, 24, 39), (2165,  0, 24, 39),
   (2190,  0, 24, 39), (2215,  0, 19, 39), (2235,  0, 19, 39), (2255,  0, 19, 39),
   (2275,  0, 19, 39), (2295,  0, 19, 39), (2315,  0, 19, 39), (2335,  0, 19, 39),
   (2355,  0, 39, 39), (2395,  0, 19, 39), (2415,  0, 20, 39), (2436,  0, 20, 39),
   (2457,  0, 20, 39), (2478,  0, 20, 39), (2499,  0,  7, 39), (2507,  0,  7, 39),
   (2515,  0,  7, 39), (2523,  0,  7, 39), (2531,  0, 19, 39), (2551,  0, 15, 39),
   (2567,  0, 19, 39), (2587,  0, 19, 39), (2607,  0, 19, 39), (2627,  0, 19, 39),
   (2647,  0, 19, 39), (2667,  0, 19, 39), (2687,  0, 16, 39), (2704,  0, 16, 39),
   (2721,  0, 16, 39), (2738,  0, 16, 39), (2755,  0, 20, 39), (2776,  0, 20, 39));

Define OffsetList
 ( ( 0, 0), ( 2, 0), ( 1, 0), ( 1, 0), ( 2, 0), ( 2, 0), ( 1, 0), ( 2, 0),
   ( 1, 0), ( 0, 0), ( 1, 0), ( 2, 0), ( 2, 0), ( 3, 0), ( 1, 0), ( 2, 0),
   ( 1, 0), ( 1, 0), ( 1, 0), ( 0, 0), ( 2, 0), ( 0, 0), ( 1, 0), ( 0, 0),
   ( 0, 0), ( 0, 0), ( 1, 0), ( 1, 0), ( 1, 0), ( 1, 0), ( 1, 0), ( 0, 0),
   ( 1, 0), ( 1, 0), ( 2, 0), (-2, 0), ( 1, 0), ( 1, 0), ( 2, 0), ( 2, 0),
   ( 1, 0), ( 1, 0), ( 1, 0), ( 2, 0), ( 0, 0), ( 0, 0), ( 1, 0), ( 0, 0),
   ( 1, 0), ( 0, 0), ( 0, 0), ( 1, 0), ( 1, 0), ( 3, 0), ( 1, 0), ( 1, 0),
   ( 1, 0), ( 0, 0), ( 1, 0), (-1, 0), ( 0, 0), ( 1, 0), ( 1, 0), ( 1, 0),
   ( 2, 0), ( 1, 0), ( 1, 0), ( 1, 0), ( 1, 0), ( 0, 0), ( 1, 0), ( 1, 0),
   ( 3, 0), (-2, 0), ( 1, 0), ( 0, 0), ( 1, 0), ( 2, 0), ( 4, 0), ( 2, 0),
   ( 0, 0), ( 0, 0), ( 1, 0), ( 2, 0), ( 1, 0), ( 1, 0), ( 0, 0), ( 0, 0),
   ( 2, 0), ( 0, 0), ( 0, 0), ( 1, 0), ( 1, 0), (-2, 0), (-1, 0), (-3, 0),
   (-2, 0), (-2, 0), (-2, 0), (-1, 0), (-3, 0), (-3, 0), (-3, 0), (-3, 0),
   (-3, 0), (-3, 0), (-4, 0), (-2, 0), (-1, 0), (-1, 0), (-1, 0), (-1, 0),
   (-1, 0), (-1, 0), (-1, 0), (-1, 0), (-4, 0), (-4, 0), (-2, 0), (-2, 0),
   (-2, 0), (-2, 0), (-2, 0), (-2, 0), (-1, 0), (-1, 0), (-1, 0), (-1, 0),
   (-1, 0), (-1, 0), (-2, 0), (-2, 0), (-2, 0), (-2, 0), (-2, 0), (-2, 0),
   (-4, 0), (-2, 0), (-2, 0), (-2, 0), (-2, 0), (-2, 0), ( 1, 0), ( 1, 0),
   ( 1, 0), ( 1, 0), (-2, 0), ( 0, 0), (-2, 0), (-2, 0), (-2, 0), (-2, 0),
   (-2, 0), (-2, 0), (-1, 0), (-1, 0), (-1, 0), (-1, 0), (-3, 0), (-3, 0));

Define KerningPairs
 ("-T","-V","-Y","AC","AT","AY","Ac","Ad","At","BM","DY","IC","IM","KA","KC","KO",
  "KY","L-","LA","LC","LO","LR","LT","LU","LV","LW","LY","OA","OJ","OM","OZ","Oa",
  "Oc","Od","Oe","Of","Og","Oo","Oq","Os","Ot","PA","PJ","PZ","Pa","Pe","Pg","Po",
  "Ps","R-","Ra","Rc","Rd","Re","Rf","Rg","Ro","Rs","Ry","ST","SV","T-","TA","TC",
  "TO","TS","TY","Ta","Tc","Td","Te","Tg","Tm","Tn","To","Tp","Tq","Tr","Ts","Tu",
  "Tv","Tw","Tx","Ty","Tz","V-","VA","VC","VJ","Va","Vc","Vd","Ve","Vf","Vg","Vo",
  "Vq","Vs","Vu","Vy","Vz","WA","WC","WJ","WM","WZ","Wa","Wc","Wd","We","Wf","Wg",
  "Wo","Ws","Wy","XA","XC","XG","Y-","YA","YC","YJ","YM","YS","YT","Ya","Yc","Yd",
  "Ye","Yg","Yo","Ys","Yt","Yu","Yv","Yy","Yz","ZC","b,","b.","et","f,","f.","ff",
  "fs","ht","it","k-","ka","ot","pt","r,","r.","v,","v.","w,","w.","y,","y.");

Define KerningValues (  -2,  -1,  -1,  -1,  -1,  -1,  -1,  -1,  -1,  -1,  -1,  -1,  -1,  -1,  -1,  -1,    -1,  -3,  -2,  -1,  -2,  -1,  -3,  -1,  -2,  -1,  -2,  -1,  -1,  -1,  -1,  -1,    -1,  -1,  -1,  -1,  -1,  -1,  -1,  -2,  -1,  -1,  -1,  -1,  -1,  -1,  -1,  -1,    -2,  -2,  -1,  -1,  -1,  -1,  -1,  -1,  -1,  -1,  -1,  -2,  -1,  -2,  -1,  -1,    -1,  -1,   1,  -3,  -3,  -3,  -3,  -3,  -2,  -2,  -3,  -1,  -3,  -1,  -3,  -1,    -1,  -2,  -1,  -3,  -2,  -2,  -1,  -1,  -1,  -1,  -1,  -1,  -1,  -1,  -1,  -2,    -2,  -3,  -1,  -1,  -1,  -1,  -1,  -1,  -1,  -1,  -1,  -1,  -1,  -2,  -1,  -1,    -1,  -2,  -1,  -1,  -1,  -1,  -2,  -1,  -1,  -1,  -1,  -1,  -1,  -2,  -2,  -2,    -2,  -3,  -2,  -3,  -1,  -1,  -1,  -2,  -1,  -1,  -1,  -1,  -1,  -1,  -1,  -1,    -1,  -1,  -1,  -2,  -1,  -1,  -1,  -3,  -3,  -1,  -1,  -1,  -1,  -1,  -1);

CreateLayer               Main;
LayerSetImage             Main '../images/Kidprint27Bold';
LayerSetAscent            Main 31;
LayerSetCharWidths        Main CharList WidthList;
LayerSetCharWidths        Main (' ') (11);
LayerSetKerningPairs      Main KerningPairs KerningValues;
LayerSetImageMap          Main CharList RectList;
LayerSetCharOffsets       Main CharList OffsetList;
LayerSetAscentPadding     Main 0;
LayerSetLineSpacingOffset Main 0;
LayerSetPointSize         Main 27;

SetDefaultPointSize  27;
