Define CharList
 ( 'A', 'B', 'C', 'D', 'E', 'F', 'G', 'H', 'I', 'J', 'K', 'L', 'M', 'N', 'O', 'P',
   'Q', 'R', 'S', 'T', 'U', 'V', 'W', 'X', 'Y', 'Z', 'a', 'b', 'c', 'd', 'e', 'f',
   'g', 'h', 'i', 'j', 'k', 'l', 'm', 'n', 'o', 'p', 'q', 'r', 's', 't', 'u', 'v',
   'w', 'x', 'y', 'z', '0', '1', '2', '3', '4', '5', '6', '7', '8', '9', '~', '`',
   '!', '@', '#', '$', '%', '^', '&', '*', '(', ')', '-', '_', '=', '+', '[', '{',
   ']', '}', ';', ':',"'", '"', ',', '<', '.', '>', '/', '?', '¡', '¢', '£', '¥',
   '§', '©', '®', '¿', 'À', 'Á', 'Â', 'Ã', 'Ä', 'Å', 'Æ', 'Ç', 'È', 'É', 'Ê', 'Ë',
   'Ì', 'Í', 'Î', 'Ï', 'Ð', 'Ñ', 'Ò', 'Ó', 'Ô', 'Õ', 'Ö', 'Ø', 'Ù', 'Ú', 'Û', 'Ü',
   'Ý', 'ß', 'à', 'á', 'â', 'ã', 'ä', 'å', 'æ', 'ç', 'è', 'é', 'ê', 'ë', 'ì', 'í',
   'î', 'ï', 'ð', 'ñ', 'ò', 'ó', 'ô', 'õ', 'ö', 'ø', 'ù', 'ú', 'û', 'ü', 'ý', 'ÿ');

Define WidthList
 (  15,  13,  15,  17,  15,  13,  21,  17,   9,  11,  15,  13,  24,  18,  16,  14,
    20,  14,  16,  13,  18,  14,  25,  12,  12,  15,  13,  13,  11,  13,  12,   9,
    13,  13,   6,   5,  13,   5,  19,  12,  12,  14,  13,  10,  11,   9,  11,  10,
    15,  11,  11,  10,  13,   7,  12,  11,  12,  12,  13,  13,  13,  13,  13,   6,
     6,  15,  14,  15,  15,   8,  14,  11,   9,   9,  11,  26,  12,  13,   8,   8,
     8,   8,   6,   6,   6,  10,   6,   8,   6,   9,  11,  11,   6,  11,  13,  12,
    16,  11,  14,  11,  15,  15,  15,  15,  15,  15,  25,  15,  15,  15,  15,  15,
     9,   9,   9,   9,  25,  25,  16,  16,  16,  16,  16,  16,  18,  18,  18,  18,
    18,  13,  13,  13,  13,  13,  13,  13,  25,  11,  12,  12,  12,  12,   6,   6,
     6,   6,  12,  12,  12,  12,  12,  12,  12,  12,  11,  11,  11,  11,  11,  11);

Define RectList
 ( (   0,  0, 14, 32), (  15,  0, 11, 32), (  27,  0, 13, 32), (  41,  0, 16, 32),
   (  58,  0, 12, 32), (  71,  0, 11, 32), (  83,  0, 20, 32), ( 104,  0, 15, 32),
   ( 120,  0,  8, 32), ( 129,  0, 11, 32), ( 141,  0, 14, 32), ( 156,  0, 12, 32),
   ( 169,  0, 22, 32), ( 192,  0, 13, 32), ( 206,  0, 14, 32), ( 221,  0, 13, 32),
   ( 235,  0, 18, 32), ( 254,  0, 12, 32), ( 267,  0, 14, 32), ( 282,  0, 16, 32),
   ( 299,  0, 16, 32), ( 316,  0, 15, 32), ( 332,  0, 23, 32), ( 356,  0, 13, 32),
   ( 370,  0, 13, 32), ( 384,  0, 15, 32), ( 400,  0, 10, 32), ( 411,  0, 11, 32),
   ( 423,  0, 10, 32), ( 434,  0, 12, 32), ( 447,  0, 10, 32), ( 458,  0,  9, 32),
   ( 468,  0, 11, 32), ( 480,  0, 10, 32), ( 491,  0,  3, 32), ( 495,  0,  7, 32),
   ( 503,  0, 12, 32), ( 516,  0,  3, 32), ( 520,  0, 16, 32), ( 537,  0,  9, 32),
   ( 547,  0, 10, 32), ( 558,  0, 13, 32), ( 572,  0, 13, 32), ( 586,  0,  8, 32),
   ( 595,  0, 11, 32), ( 607,  0,  8, 32), ( 616,  0,  9, 32), ( 626,  0, 10, 32),
   ( 637,  0, 14, 32), ( 652,  0, 10, 32), ( 663,  0, 11, 32), ( 675,  0, 10, 32),
   ( 686,  0, 11, 32), ( 698,  0,  2, 32), ( 701,  0, 10, 32), ( 712,  0,  9, 32),
   ( 722,  0, 10, 32), ( 733,  0, 11, 32), ( 745,  0, 11, 32), ( 757,  0, 12, 32),
   ( 770,  0, 12, 32), ( 783,  0, 11, 32), ( 795,  0, 12, 32), ( 808,  0,  5, 32),
   ( 814,  0,  2, 32), ( 817,  0, 13, 32), ( 831,  0, 12, 32), ( 844,  0, 13, 32),
   ( 858,  0, 13, 32), ( 872,  0,  8, 32), ( 881,  0, 13, 32), ( 895,  0, 10, 32),
   ( 906,  0,  8, 32), ( 915,  0,  9, 32), ( 925,  0,  9, 32), ( 935,  0, 26, 32),
   ( 962,  0, 11, 32), ( 974,  0, 10, 32), ( 985,  0,  5, 32), ( 991,  0,  7, 32),
   ( 999,  0,  5, 32), (1005,  0,  7, 32), (1013,  0,  4, 32), (1018,  0,  2, 32),
   (1021,  0,  4, 32), (1026,  0,  8, 32), (1035,  0,  4, 32), (1040,  0,  8, 32),
   (1049,  0,  2, 32), (1052,  0,  8, 32), (1061,  0, 11, 32), (1073,  0, 10, 32),
   (1084,  0,  4, 32), (1089,  0, 14, 32), (1104,  0, 16, 32), (1121,  0, 19, 32),
   (1141,  0, 20, 32), (1162,  0, 14, 32), (1177,  0, 16, 32), (1194,  0, 14, 32),
   (1209,  0, 20, 32), (1230,  0, 20, 32), (1251,  0, 20, 32), (1272,  0, 20, 32),
   (1293,  0, 20, 32), (1314,  0, 20, 32), (1335,  0, 31, 32), (1367,  0, 19, 32),
   (1387,  0, 16, 32), (1404,  0, 16, 32), (1421,  0, 16, 32), (1438,  0, 16, 32),
   (1455,  0, 12, 32), (1468,  0, 12, 32), (1481,  0, 12, 32), (1494,  0, 12, 32),
   (1507,  0, 31, 32), (1539,  0, 31, 32), (1571,  0, 20, 32), (1592,  0, 20, 32),
   (1613,  0, 20, 32), (1634,  0, 20, 32), (1655,  0, 20, 32), (1676,  0, 20, 32),
   (1697,  0, 22, 32), (1720,  0, 22, 32), (1743,  0, 22, 32), (1766,  0, 22, 32),
   (1789,  0, 22, 32), (1812,  0, 15, 32), (1828,  0, 14, 32), (1843,  0, 14, 32),
   (1858,  0, 14, 32), (1873,  0, 14, 32), (1888,  0, 14, 32), (1903,  0, 14, 32),
   (1918,  0, 31, 32), (1950,  0, 14, 32), (1965,  0, 14, 32), (1980,  0, 14, 32),
   (1995,  0, 14, 32), (2010,  0, 14, 32), (2025,  0,  5, 32), (2031,  0,  5, 32),
   (2037,  0,  5, 32), (2043,  0,  5, 32), (2049,  0, 14, 32), (2064,  0, 13, 32),
   (2078,  0, 14, 32), (2093,  0, 14, 32), (2108,  0, 14, 32), (2123,  0, 14, 32),
   (2138,  0, 14, 32), (2153,  0, 14, 32), (2168,  0, 13, 32), (2182,  0, 13, 32),
   (2196,  0, 13, 32), (2210,  0, 13, 32), (2224,  0, 15, 32), (2240,  0, 15, 32));

Define OffsetList
 ( ( 0, 0), ( 1, 0), ( 1, 0), ( 0, 0), ( 1, 0), ( 1, 0), ( 1, 0), ( 1, 0),
   ( 1, 0), ( 0, 0), ( 1, 0), ( 1, 0), ( 2, 0), ( 2, 0), ( 1, 0), ( 1, 0),
   ( 1, 0), ( 1, 0), ( 1, 0), ( 0, 0), ( 2, 0), ( 0, 0), ( 1, 0), ( 0, 0),
   ( 0, 0), ( 0, 0), ( 1, 0), ( 1, 0), ( 1, 0), ( 1, 0), ( 1, 0), ( 0, 0),
   ( 1, 0), ( 1, 0), ( 2, 0), (-3, 0), ( 1, 0), ( 1, 0), ( 2, 0), ( 1, 0),
   ( 1, 0), ( 0, 0), ( 1, 0), ( 1, 0), ( 0, 0), ( 1, 0), ( 1, 0), ( 0, 0),
   ( 1, 0), ( 0, 0), ( 0, 0), ( 0, 0), ( 1, 0), ( 2, 0), ( 0, 0), ( 1, 0),
   ( 1, 0), ( 0, 0), ( 1, 0), ( 0, 0), ( 0, 0), ( 1, 0), ( 0, 0), ( 1, 0),
   ( 2, 0), ( 1, 0), ( 1, 0), ( 1, 0), ( 1, 0), ( 0, 0), ( 1, 0), ( 1, 0),
   ( 2, 0), (-2, 0), ( 1, 0), ( 0, 0), ( 1, 0), ( 1, 0), ( 3, 0), ( 2, 0),
   ( 0, 0), ( 0, 0), (-1, 0), ( 2, 0), ( 1, 0), ( 1, 0), ( 0, 0), ( 0, 0),
   ( 2, 0), ( 0, 0), ( 0, 0), ( 0, 0), ( 1, 0), (-1, 0), (-1, 0), (-3, 0),
   (-2, 0), (-1, 0), (-1, 0), (-2, 0), (-3, 0), (-3, 0), (-3, 0), (-3, 0),
   (-3, 0), (-3, 0), (-3, 0), (-2, 0), (-1, 0), (-1, 0), (-1, 0), (-1, 0),
   (-1, 0), (-1, 0), (-1, 0), (-1, 0), (-3, 0), (-3, 0), (-2, 0), (-2, 0),
   (-2, 0), (-2, 0), (-2, 0), (-2, 0), (-1, 0), (-1, 0), (-1, 0), (-1, 0),
   (-1, 0), (-1, 0), (-1, 0), (-1, 0), (-1, 0), (-1, 0), (-1, 0), (-1, 0),
   (-3, 0), (-1, 0), (-1, 0), (-1, 0), (-1, 0), (-1, 0), ( 1, 0), ( 1, 0),
   ( 1, 0), ( 1, 0), (-1, 0), (-1, 0), (-1, 0), (-1, 0), (-1, 0), (-1, 0),
   (-1, 0), (-1, 0), (-1, 0), (-1, 0), (-1, 0), (-1, 0), (-2, 0), (-2, 0));

Define KerningPairs
 ("-T","-V","-Y","AC","AT","AY","Ac","Ad","At","BM","DY","IC","IM","KA","KC","KO",
  "KY","L-","LA","LC","LO","LR","LT","LU","LV","LW","LY","OA","OJ","OM","OZ","Oa",
  "Oc","Od","Oe","Of","Og","Oo","Oq","Os","Ot","PA","PJ","PZ","Pa","Pe","Pg","Po",
  "Ps","R-","Ra","Rc","Rd","Re","Rf","Rg","Ro","Rs","Ry","ST","SV","T-","TA","TC",
  "TO","TS","TY","Ta","Tc","Td","Te","Tg","Tm","Tn","To","Tp","Tq","Tr","Ts","Tu",
  "Tv","Tw","Tx","Ty","Tz","V-","VA","VC","VJ","Va","Vc","Vd","Ve","Vf","Vg","Vo",
  "Vq","Vs","Vu","Vy","Vz","WA","WC","WJ","WM","WZ","Wa","Wc","Wd","We","Wf","Wg",
  "Wo","Ws","Wy","XA","XC","XG","Y-","YA","YC","YJ","YM","YS","YT","Ya","Yc","Yd",
  "Ye","Yg","Yo","Ys","Yt","Yu","Yv","Yy","Yz","ZC","b,","b.","et","f,","f.","ff",
  "fs","ht","it","k-","ka","ot","pt","r,","r.","v,","v.","w,","w.","y,","y.");

Define KerningValues (  -2,  -1,  -1,  -1,  -1,  -1,  -1,  -1,  -1,  -1,  -1,  -1,  -1,  -1,  -1,  -1,    -1,  -2,  -1,  -1,  -1,  -1,  -3,  -1,  -2,  -1,  -2,  -1,  -1,  -1,  -1,  -1,    -1,  -1,  -1,  -1,  -1,  -1,  -1,  -1,  -1,  -1,  -1,  -1,  -1,  -1,  -1,  -1,    -2,  -1,  -1,  -1,  -1,  -1,  -1,  -1,  -1,  -1,  -1,  -1,  -1,  -1,  -1,  -1,    -1,  -1,   1,  -2,  -2,  -2,  -2,  -2,  -1,  -1,  -2,  -1,  -2,  -1,  -2,  -1,    -1,  -1,  -1,  -2,  -2,  -1,  -1,  -1,  -1,  -1,  -1,  -1,  -1,  -1,  -1,  -1,    -1,  -3,  -1,  -1,  -1,  -1,  -1,  -1,  -1,  -1,  -1,  -1,  -1,  -1,  -1,  -1,    -1,  -2,  -1,  -1,  -1,  -1,  -1,  -1,  -1,  -1,  -1,  -1,  -1,  -1,  -1,  -1,    -1,  -2,  -2,  -2,  -1,  -1,  -1,  -1,  -1,  -1,  -1,  -1,  -1,  -1,  -1,  -1,    -1,  -1,  -1,  -1,  -1,  -1,  -1,  -2,  -2,  -1,  -1,  -1,  -1,  -1,  -1);

CreateLayer               Main;
LayerSetImage             Main '../images/Kidprint22Bold';
LayerSetAscent            Main 25;
LayerSetCharWidths        Main CharList WidthList;
LayerSetCharWidths        Main (' ') (9);
LayerSetKerningPairs      Main KerningPairs KerningValues;
LayerSetImageMap          Main CharList RectList;
LayerSetCharOffsets       Main CharList OffsetList;
LayerSetAscentPadding     Main 0;
LayerSetLineSpacingOffset Main -4;
LayerSetPointSize         Main 22;

SetDefaultPointSize  22;
