Define CharList
 ( 'A', 'B', 'C', 'D', 'E', 'F', 'G', 'H', 'I', 'J', 'K', 'L', 'M', 'N', 'O', 'P',
   'Q', 'R', 'S', 'T', 'U', 'V', 'W', 'X', 'Y', 'Z', 'a', 'b', 'c', 'd', 'e', 'f',
   'g', 'h', 'i', 'j', 'k', 'l', 'm', 'n', 'o', 'p', 'q', 'r', 's', 't', 'u', 'v',
   'w', 'x', 'y', 'z', '0', '1', '2', '3', '4', '5', '6', '7', '8', '9', '~', '`',
   '!', '@', '#', '$', '%', '^', '&', '*', '(', ')', '-', '_', '=', '+', '[', '{',
   ']', '}', ';', ':',"'", '"', ',', '<', '.', '>', '/', '?');

Define WidthList
 (  23,  23,  25,  22,  21,  21,  25,  24,  16,  17,  23,  21,  27,  24,  17,  22,
    20,  22,  22,  19,  22,  20,  26,  23,  20,  17,  12,  11,  10,  12,  10,   8,
    12,  13,   7,   7,  12,   7,  18,  13,  11,  12,  12,  10,   9,   8,  12,  10,
    16,  11,  12,   9,  13,  13,  13,  13,  13,  13,  13,  13,  13,  13,  12,  12,
     7,  18,  13,  13,  14,  12,  18,   9,  11,  10,   6,  12,  13,  13,   8,  10,
     8,  10,   7,   6,   5,   8,   7,  12,   6,  12,   7,  11);

Define RectList
 ( (   0,  0, 23, 27), (  24,  0, 24, 27), (  49,  0, 25, 27), (  75,  0, 24, 27),
   ( 100,  0, 21, 27), ( 122,  0, 25, 27), ( 148,  0, 24, 27), ( 173,  0, 30, 27),
   ( 204,  0, 20, 27), ( 225,  0, 22, 27), ( 248,  0, 27, 27), ( 276,  0, 21, 27),
   ( 298,  0, 28, 27), ( 327,  0, 31, 27), ( 359,  0, 17, 27), ( 377,  0, 24, 27),
   ( 402,  0, 24, 27), ( 427,  0, 24, 27), ( 452,  0, 20, 27), ( 473,  0, 25, 27),
   ( 499,  0, 20, 27), ( 520,  0, 26, 27), ( 547,  0, 26, 27), ( 574,  0, 26, 27),
   ( 601,  0, 20, 27), ( 622,  0, 17, 27), ( 640,  0, 13, 27), ( 654,  0, 11, 27),
   ( 666,  0, 11, 27), ( 678,  0, 13, 27), ( 692,  0, 11, 27), ( 704,  0, 12, 27),
   ( 717,  0, 13, 27), ( 731,  0, 13, 27), ( 745,  0,  7, 27), ( 753,  0, 11, 27),
   ( 765,  0, 13, 27), ( 779,  0,  7, 27), ( 787,  0, 19, 27), ( 807,  0, 13, 27),
   ( 821,  0, 11, 27), ( 833,  0, 13, 27), ( 847,  0, 12, 27), ( 860,  0, 12, 27),
   ( 873,  0, 10, 27), ( 884,  0,  8, 27), ( 893,  0, 13, 27), ( 907,  0, 11, 27),
   ( 919,  0, 16, 27), ( 936,  0, 12, 27), ( 949,  0, 11, 27), ( 961,  0, 11, 27),
   ( 973,  0, 13, 27), ( 987,  0,  8, 27), ( 996,  0, 12, 27), (1009,  0, 13, 27),
   (1023,  0, 12, 27), (1036,  0, 12, 27), (1049,  0, 12, 27), (1062,  0, 10, 27),
   (1073,  0, 12, 27), (1086,  0, 12, 27), (1099,  0, 12, 27), (1112,  0,  6, 27),
   (1119,  0,  6, 27), (1126,  0, 18, 27), (1145,  0, 14, 27), (1160,  0, 12, 27),
   (1173,  0, 14, 27), (1188,  0, 12, 27), (1201,  0, 18, 27), (1220,  0,  8, 27),
   (1229,  0,  9, 27), (1239,  0, 10, 27), (1250,  0,  6, 27), (1257,  0, 12, 27),
   (1270,  0, 10, 27), (1281,  0, 10, 27), (1292,  0, 10, 27), (1303,  0, 12, 27),
   (1316,  0, 10, 27), (1327,  0, 12, 27), (1340,  0,  7, 27), (1348,  0,  6, 27),
   (1355,  0,  5, 27), (1361,  0,  8, 27), (1370,  0,  6, 27), (1377,  0, 12, 27),
   (1390,  0,  3, 27), (1394,  0, 12, 27), (1407,  0, 11, 27), (1419,  0, 10, 27));

Define OffsetList
 ( ( 0, 0), ( 0, 0), ( 2, 0), ( 0, 0), ( 2, 0), ( 0, 0), ( 3, 0), ( 0, 0),
   ( 0, 0), ( 0, 0), ( 0, 0), ( 0, 0), ( 0, 0), ( 0, 0), ( 0, 0), ( 0, 0),
   ( 0, 0), ( 0, 0), ( 2, 0), ( 0, 0), ( 2, 0), ( 2, 0), ( 2, 0), ( 0, 0),
   ( 2, 0), ( 1, 0), ( 0, 0), ( 0, 0), ( 0, 0), ( 0, 0), ( 0, 0), ( 0, 0),
   (-1, 0), ( 0, 0), ( 0, 0), (-4, 0), ( 0, 0), ( 0, 0), ( 0, 0), ( 0, 0),
   ( 0, 0), (-1, 0), ( 0, 0), ( 0, 0), ( 0, 0), ( 1, 0), ( 0, 0), ( 0, 0),
   ( 0, 0), ( 0, 0), ( 0, 0), (-1, 0), ( 0, 0), ( 3, 0), ( 1, 0), ( 0, 0),
   ( 1, 0), ( 1, 0), ( 1, 0), ( 3, 0), ( 1, 0), ( 1, 0), ( 0, 0), ( 4, 0),
   ( 1, 0), ( 1, 0), ( 0, 0), ( 1, 0), ( 0, 0), ( 0, 0), ( 1, 0), ( 2, 0),
   ( 2, 0), ( 0, 0), ( 0, 0), ( 0, 0), ( 2, 0), ( 2, 0), ( 1, 0), ( 1, 0),
   ( 1, 0), (-1, 0), ( 1, 0), ( 1, 0), ( 0, 0), ( 0, 0), ( 1, 0), ( 0, 0),
   ( 1, 0), ( 0, 0), ( 0, 0), ( 2, 0));

CreateLayer               Main;
LayerSetImage             Main '../images/PTBananaSplit18';
LayerSetAscent            Main 20;
LayerSetCharWidths        Main CharList WidthList;
LayerSetCharWidths        Main (' ') (7);
LayerSetImageMap          Main CharList RectList;
LayerSetCharOffsets       Main CharList OffsetList;
LayerSetAscentPadding     Main 0;
LayerSetLineSpacingOffset Main 0;
LayerSetPointSize         Main 18;

SetDefaultPointSize  18;
