Define CharList
 ( 'A', 'B', 'C', 'D', 'E', 'F', 'G', 'H', 'I', 'J', 'K', 'L', 'M', 'N', 'O', 'P',
   'Q', 'R', 'S', 'T', 'U', 'V', 'W', 'X', 'Y', 'Z', 'a', 'b', 'c', 'd', 'e', 'f',
   'g', 'h', 'i', 'j', 'k', 'l', 'm', 'n', 'o', 'p', 'q', 'r', 's', 't', 'u', 'v',
   'w', 'x', 'y', 'z', '0', '1', '2', '3', '4', '5', '6', '7', '8', '9', '~', '`',
   '!', '@', '#', '$', '%', '^', '&', '*', '(', ')', '-', '_', '=', '+', '[', '{',
   ']', '}', ';', ':',"'", '"', ',', '<', '.', '>', '/', '?');

Define WidthList
 (  35,  34,  38,  34,  32,  31,  38,  36,  25,  26,  34,  32,  41,  35,  26,  33,
    30,  33,  33,  29,  33,  30,  39,  34,  30,  25,  19,  17,  15,  19,  16,  13,
    17,  19,  10,  10,  18,  10,  26,  18,  16,  18,  18,  15,  14,  12,  19,  16,
    24,  17,  18,  13,  20,  19,  20,  20,  19,  20,  20,  20,  20,  20,  18,  18,
    10,  27,  19,  20,  21,  18,  27,  14,  16,  13,   8,  18,  20,  20,  12,  16,
    13,  16,  10,  10,   7,  12,  10,  18,  10,  18,  11,  16);

Define RectList
 ( (   0,  0, 50, 57), (  51,  0, 52, 57), ( 104,  0, 53, 57), ( 158,  0, 52, 57),
   ( 211,  0, 47, 57), ( 259,  0, 53, 57), ( 313,  0, 52, 57), ( 366,  0, 61, 57),
   ( 428,  0, 45, 57), ( 474,  0, 47, 57), ( 522,  0, 56, 57), ( 579,  0, 47, 57),
   ( 627,  0, 57, 57), ( 685,  0, 62, 57), ( 748,  0, 41, 57), ( 790,  0, 51, 57),
   ( 842,  0, 52, 57), ( 895,  0, 52, 57), ( 948,  0, 48, 57), ( 997,  0, 53, 57),
   (1051,  0, 46, 57), (1098,  0, 55, 57), (1154,  0, 54, 57), (1209,  0, 53, 57),
   (1263,  0, 46, 57), (1310,  0, 41, 57), (1352,  0, 34, 57), (1387,  0, 32, 57),
   (1420,  0, 31, 57), (1452,  0, 34, 57), (1487,  0, 32, 57), (1520,  0, 35, 57),
   (1556,  0, 35, 57), (1592,  0, 36, 57), (1629,  0, 26, 57), (1656,  0, 32, 57),
   (1689,  0, 35, 57), (1725,  0, 26, 57), (1752,  0, 44, 57), (1797,  0, 36, 57),
   (1834,  0, 31, 57), (1866,  0, 35, 57), (1902,  0, 33, 57), (1936,  0, 33, 57),
   (1970,  0, 30, 57), (2001,  0, 28, 57), (2030,  0, 34, 57), (2065,  0, 31, 57),
   (2097,  0, 40, 57), (2138,  0, 33, 57), (2172,  0, 33, 57), (2206,  0, 31, 57),
   (2238,  0, 35, 57), (2274,  0, 28, 57), (2303,  0, 34, 57), (2338,  0, 35, 57),
   (2374,  0, 34, 57), (2409,  0, 34, 57), (2444,  0, 34, 57), (2479,  0, 32, 57),
   (2512,  0, 33, 57), (2546,  0, 34, 57), (2581,  0, 34, 57), (2616,  0, 23, 57),
   (2640,  0, 26, 57), (2667,  0, 43, 57), (2711,  0, 37, 57), (2749,  0, 33, 57),
   (2783,  0, 36, 57), (2820,  0, 34, 57), (2855,  0, 43, 57), (2899,  0, 27, 57),
   (2927,  0, 30, 57), (2958,  0, 30, 57), (2989,  0, 25, 57), (3015,  0, 34, 57),
   (3050,  0, 31, 57), (3082,  0, 31, 57), (3114,  0, 31, 57), (3146,  0, 33, 57),
   (3180,  0, 30, 57), (3211,  0, 33, 57), (3245,  0, 25, 57), (3271,  0, 24, 57),
   (3296,  0, 22, 57), (3319,  0, 27, 57), (3347,  0, 24, 57), (3372,  0, 32, 57),
   (3405,  0, 22, 57), (3428,  0, 32, 57), (3461,  0, 33, 57), (3495,  0, 31, 57));

Define OffsetList
 ( (-7, 0), (-8, 0), (-4, 0), (-7, 0), (-4, 0), (-7, 0), (-4, 0), (-8, 0),
   (-7, 0), (-7, 0), (-7, 0), (-7, 0), (-7, 0), (-8, 0), (-7, 0), (-8, 0),
   (-8, 0), (-8, 0), (-4, 0), (-7, 0), (-5, 0), (-5, 0), (-5, 0), (-7, 0),
   (-5, 0), (-6, 0), (-7, 0), (-7, 0), (-7, 0), (-7, 0), (-8, 0), (-9, 0),
   (-9, 0), (-8, 0), (-7, 0), (-13, 0), (-8, 0), (-7, 0), (-9, 0), (-9, 0),
   (-7, 0), (-10, 0), (-7, 0), (-8, 0), (-8, 0), (-7, 0), (-7, 0), (-7, 0),
   (-7, 0), (-8, 0), (-8, 0), (-9, 0), (-7, 0), (-4, 0), (-7, 0), (-7, 0),
   (-8, 0), (-7, 0), (-6, 0), (-4, 0), (-7, 0), (-6, 0), (-8, 0), (-1, 0),
   (-6, 0), (-6, 0), (-9, 0), (-6, 0), (-7, 0), (-8, 0), (-6, 0), (-4, 0),
   (-4, 0), (-9, 0), (-8, 0), (-8, 0), (-5, 0), (-5, 0), (-8, 0), (-6, 0),
   (-6, 0), (-10, 0), (-7, 0), (-6, 0), (-6, 0), (-6, 0), (-7, 0), (-7, 0),
   (-6, 0), (-7, 0), (-8, 0), (-5, 0));

CreateLayer               Main;
LayerSetImage             Main '../images/PTBananaSplit27Buttons';
LayerSetAscent            Main 38;
LayerSetCharWidths        Main CharList WidthList;
LayerSetCharWidths        Main (' ') (10);
LayerSetImageMap          Main CharList RectList;
LayerSetCharOffsets       Main CharList OffsetList;
LayerSetAscentPadding     Main 8;
LayerSetLineSpacingOffset Main 0;
LayerSetPointSize         Main 27;

SetDefaultPointSize  27;
