Define CharList
 ( 'A', 'B', 'C', 'D', 'E', 'F', 'G', 'H', 'I', 'J', 'K', 'L', 'M', 'N', 'O', 'P',
   'Q', 'R', 'S', 'T', 'U', 'V', 'W', 'X', 'Y', 'Z', 'a', 'b', 'c', 'd', 'e', 'f',
   'g', 'h', 'i', 'j', 'k', 'l', 'm', 'n', 'o', 'p', 'q', 'r', 's', 't', 'u', 'v',
   'w', 'x', 'y', 'z', '0', '1', '2', '3', '4', '5', '6', '7', '8', '9', '~', '`',
   '!', '@', '#', '$', '%', '^', '&', '*', '(', ')', '-', '_', '=', '+', '[', '{',
   ']', '}', ';', ':',"'", '"', ',', '<', '.', '>', '/', '?');

Define WidthList
 (  31,  30,  34,  30,  29,  28,  33,  32,  22,  23,  30,  29,  36,  31,  23,  29,
    27,  29,  29,  26,  29,  27,  35,  30,  27,  22,  16,  15,  14,  17,  14,  11,
    16,  17,   9,   9,  16,   9,  23,  16,  14,  16,  16,  13,  12,  10,  17,  14,
    22,  15,  16,  12,  18,  18,  18,  18,  18,  18,  18,  18,  18,  18,  16,  15,
     9,  24,  17,  18,  19,  16,  24,  12,  13,  12,   7,  16,  18,  18,  10,  14,
    11,  14,   9,   9,   6,  11,   9,  16,   9,  16,  10,  14);

Define RectList
 ( (   0,  0, 30, 36), (  31,  0, 32, 36), (  64,  0, 33, 36), (  98,  0, 32, 36),
   ( 131,  0, 28, 36), ( 160,  0, 33, 36), ( 194,  0, 32, 36), ( 227,  0, 40, 36),
   ( 268,  0, 26, 36), ( 295,  0, 28, 36), ( 324,  0, 35, 36), ( 360,  0, 28, 36),
   ( 389,  0, 36, 36), ( 426,  0, 41, 36), ( 468,  0, 22, 36), ( 491,  0, 32, 36),
   ( 524,  0, 32, 36), ( 557,  0, 32, 36), ( 590,  0, 28, 36), ( 619,  0, 33, 36),
   ( 653,  0, 27, 36), ( 681,  0, 34, 36), ( 716,  0, 35, 36), ( 752,  0, 33, 36),
   ( 786,  0, 27, 36), ( 814,  0, 22, 36), ( 837,  0, 17, 36), ( 855,  0, 15, 36),
   ( 871,  0, 14, 36), ( 886,  0, 17, 36), ( 904,  0, 14, 36), ( 919,  0, 16, 36),
   ( 936,  0, 17, 36), ( 954,  0, 17, 36), ( 972,  0,  9, 36), ( 982,  0, 14, 36),
   ( 997,  0, 17, 36), (1015,  0,  9, 36), (1025,  0, 25, 36), (1051,  0, 18, 36),
   (1070,  0, 14, 36), (1085,  0, 17, 36), (1103,  0, 16, 36), (1120,  0, 15, 36),
   (1136,  0, 13, 36), (1150,  0, 10, 36), (1161,  0, 16, 36), (1178,  0, 14, 36),
   (1193,  0, 21, 36), (1215,  0, 16, 36), (1232,  0, 15, 36), (1248,  0, 14, 36),
   (1263,  0, 17, 36), (1281,  0, 10, 36), (1292,  0, 16, 36), (1309,  0, 17, 36),
   (1327,  0, 16, 36), (1344,  0, 16, 36), (1361,  0, 16, 36), (1378,  0, 14, 36),
   (1393,  0, 15, 36), (1409,  0, 16, 36), (1426,  0, 16, 36), (1443,  0,  7, 36),
   (1451,  0,  9, 36), (1461,  0, 24, 36), (1486,  0, 19, 36), (1506,  0, 16, 36),
   (1523,  0, 19, 36), (1543,  0, 16, 36), (1560,  0, 24, 36), (1585,  0, 11, 36),
   (1597,  0, 12, 36), (1610,  0, 13, 36), (1624,  0,  8, 36), (1633,  0, 16, 36),
   (1650,  0, 14, 36), (1665,  0, 14, 36), (1680,  0, 13, 36), (1694,  0, 15, 36),
   (1710,  0, 13, 36), (1724,  0, 14, 36), (1739,  0,  8, 36), (1748,  0,  7, 36),
   (1756,  0,  6, 36), (1763,  0, 10, 36), (1774,  0,  7, 36), (1782,  0, 14, 36),
   (1797,  0,  5, 36), (1803,  0, 14, 36), (1818,  0, 15, 36), (1834,  0, 14, 36));

Define OffsetList
 ( ( 1, 0), ( 0, 0), ( 3, 0), ( 0, 0), ( 3, 0), ( 1, 0), ( 4, 0), ( 0, 0),
   ( 1, 0), ( 1, 0), ( 1, 0), ( 1, 0), ( 1, 0), ( 0, 0), ( 1, 0), ( 0, 0),
   ( 0, 0), ( 0, 0), ( 3, 0), ( 1, 0), ( 3, 0), ( 3, 0), ( 3, 0), ( 1, 0),
   ( 2, 0), ( 2, 0), ( 0, 0), ( 1, 0), ( 0, 0), ( 0, 0), ( 0, 0), ( 0, 0),
   (-1, 0), ( 0, 0), ( 1, 0), (-5, 0), ( 0, 0), ( 1, 0), (-1, 0), (-1, 0),
   ( 0, 0), (-2, 0), ( 0, 0), ( 0, 0), ( 0, 0), ( 1, 0), ( 1, 0), ( 1, 0),
   ( 1, 0), ( 0, 0), ( 0, 0), (-1, 0), ( 1, 0), ( 5, 0), ( 1, 0), ( 1, 0),
   ( 1, 0), ( 1, 0), ( 1, 0), ( 4, 0), ( 1, 0), ( 1, 0), ( 0, 0), ( 5, 0),
   ( 2, 0), ( 1, 0), (-1, 0), ( 1, 0), ( 0, 0), ( 0, 0), ( 2, 0), ( 3, 0),
   ( 3, 0), (-1, 0), ( 0, 0), ( 0, 0), ( 2, 0), ( 2, 0), ( 0, 0), ( 2, 0),
   ( 2, 0), (-1, 0), ( 1, 0), ( 2, 0), ( 2, 0), ( 2, 0), ( 1, 0), ( 1, 0),
   ( 2, 0), ( 1, 0), ( 0, 0), ( 3, 0));

CreateLayer               Main;
LayerSetImage             Main '../images/PTBananaSplit24';
LayerSetAscent            Main 27;
LayerSetCharWidths        Main CharList WidthList;
LayerSetCharWidths        Main (' ') (9);
LayerSetImageMap          Main CharList RectList;
LayerSetCharOffsets       Main CharList OffsetList;
LayerSetAscentPadding     Main 0;
LayerSetLineSpacingOffset Main 0;
LayerSetPointSize         Main 24;

SetDefaultPointSize  24;
